[1, 351][5, 347]
[10, 347][1, 356]
[1, 361][14, 348]
[19, 348][1, 366]
[1, 371][25, 347]
[33, 344][1, 376]
[1, 381][38, 344]
[42, 345][1, 386]
[1, 391][47, 345]
[51, 346][1, 396]
[1, 399][53, 347]
[59, 346][6, 399]
[11, 399][65, 345]
[71, 344][16, 399]
[21, 399][93, 327]
[100, 325][26, 399]
[31, 399][107, 323]
[111, 324][36, 399]
[41, 399][113, 327]
[115, 330][46, 399]
[51, 399][117, 333]
[119, 336][56, 399]
[61, 399][122, 338]
[124, 341][66, 399]
[71, 399][127, 343]
[129, 346][76, 399]
[81, 399][132, 348]
[135, 350][86, 399]
[91, 399][138, 352]
[141, 354][96, 399]
[101, 399][144, 356]
[147, 358][106, 399]
[111, 399][151, 359]
[154, 361][116, 399]
[121, 399][158, 362]
[162, 363][126, 399]
[131, 399][167, 363]
[169, 366][136, 399]
[141, 399][174, 366]
[178, 367][146, 399]
[151, 399][182, 368]
[187, 368][156, 399]
[161, 399][192, 368]
[195, 370][166, 399]
[171, 399][200, 370]
[205, 370][176, 399]
[181, 399][207, 373]
[212, 373][186, 399]
[191, 399][216, 374]
[258, 332][261, 329]
[265, 330][261, 334]
[220, 375][196, 399]
[201, 399][224, 376]
[263, 337][268, 332]
[270, 335][266, 339]
[229, 376][206, 399]
[211, 399][235, 375]
[267, 343][272, 338]
[275, 340][268, 347]
[241, 374][216, 399]
[221, 399][248, 372]
[267, 353][280, 340]
[285, 340][263, 362]
[255, 370][226, 399]
[231, 399][289, 341]
[293, 342][236, 399]
[241, 399][297, 343]
[300, 345][246, 399]
[251, 399][303, 347]
[307, 348][256, 399]
[261, 399][312, 348]
[317, 348][266, 399]
[271, 399][322, 348]
[326, 349][276, 399]
[281, 399][330, 350]
[335, 350][286, 399]
[291, 399][339, 351]
[344, 351][296, 399]
[301, 399][347, 353]
[351, 354][306, 399]
[311, 399][354, 356]
[359, 356][316, 399]
[321, 399][364, 356]
[367, 358][326, 399]
[331, 399][370, 360]
[374, 361][336, 399]
[341, 399][377, 363]
[382, 363][346, 399]
[351, 399][385, 365]
[389, 366][356, 399]
[361, 399][391, 369]
[393, 372][366, 399]
[371, 399][395, 375]
[397, 378][376, 399]
[381, 399][399, 381]
[399, 386][386, 399]
[391, 399][399, 391]
[399, 396][396, 399]
