[272, 198][279, 191]
[290, 185][270, 205]
[265, 215][308, 172]
[314, 171][262, 223]
[256, 234][319, 171]
[325, 170][256, 239]
[257, 243][330, 170]
[335, 170][258, 247]
[258, 252][340, 170]
[346, 169][259, 256]
[263, 257][350, 170]
[355, 170][268, 257]
[272, 258][360, 170]
[365, 170][276, 259]
[281, 259][370, 170]
[375, 170][284, 261]
[288, 262][380, 170]
[385, 170][292, 263]
[304, 256][390, 170]
[395, 170][309, 256]
[312, 258][399, 171]
[399, 176][316, 259]
[329, 251][399, 181]
[399, 186][334, 251]
[347, 243][399, 191]
[399, 196][352, 243]
[357, 243][399, 201]
[399, 206][371, 234]
[386, 224][399, 211]
