[3, 359][4, 358]
[8, 357][3, 362]
[3, 365][13, 355]
[19, 352][3, 368]
[3, 371][24, 350]
[29, 348][3, 374]
[3, 377][34, 346]
[39, 344][3, 380]
[3, 383][44, 342]
[49, 340][3, 386]
[3, 389][55, 337]
[60, 335][3, 392]
[3, 392][60, 335]
[65, 333][3, 395]
[6, 395][71, 330]
[98, 303][104, 297]
[107, 297][93, 311]
[75, 329][9, 395]
[12, 395][105, 302]
[105, 305][15, 395]
[18, 395][104, 309]
[104, 312][21, 395]
[24, 395][105, 314]
[105, 317][27, 395]
[30, 395][106, 319]
[106, 322][33, 395]
[36, 395][107, 324]
[108, 326][39, 395]
[42, 395][109, 328]
[109, 331][45, 395]
[48, 395][110, 333]
[111, 335][51, 395]
[54, 395][112, 337]
[113, 339][57, 395]
[60, 395][113, 342]
[114, 344][63, 395]
[66, 395][115, 346]
[116, 348][69, 395]
[72, 395][117, 350]
[118, 352][75, 395]
[78, 395][119, 354]
[120, 356][81, 395]
[84, 395][121, 358]
[122, 360][87, 395]
[90, 395][123, 362]
[124, 364][93, 395]
[96, 395][125, 366]
[126, 368][99, 395]
[102, 395][127, 370]
[127, 373][105, 395]
[108, 395][128, 375]
[129, 377][111, 395]
[114, 395][130, 379]
[131, 381][117, 395]
[120, 395][132, 383]
[133, 385][123, 395]
[126, 395][134, 387]
[135, 389][129, 395]
[132, 395][136, 391]
[140, 390][135, 395]
