16
274 316 275 315
278 317 271 324
265 335 281 319
285 320 250 355
247 358 243 362
243 367 244 366
249 361 289 321
292 323 252 363
250 370 295 325
299 326 243 382
241 384 240 385
249 381 303 327
306 329 256 379
259 381 308 332
312 333 262 383
255 395 256 394
259 391 315 335
319 336 258 397
261 399 322 338
327 338 266 399
271 399 330 340
333 342 276 399
281 399 336 344
340 345 286 399
291 399 343 347
345 350 296 399
301 399 349 351
354 351 306 399
311 399 359 351
359 356 316 399
321 399 364 356
367 358 326 399
331 399 371 359
375 360 336 399
341 399 375 365
377 363 378 362
379 366 346 399
351 399 382 368
386 369 356 399
361 399 390 370
394 371 366 399
371 399 396 374
399 376 376 399
381 399 399 381
399 386 386 399
391 399 399 391
399 396 396 399
