42
118 184 118 184
123 179 123 179
173 134 168 139
123 184 119 188
104 208 107 205
119 193 123 189
126 186 128 184
169 143 176 136
183 134 173 144
131 186 128 189
125 192 120 197
113 204 106 211
107 215 126 196
128 194 133 189
176 146 187 135
193 134 180 147
135 192 109 218
110 222 137 195
182 150 193 139
195 137 197 135
202 135 185 152
141 196 113 224
117 225 145 197
153 189 154 188
188 154 206 136
214 133 191 156
157 190 154 193
147 200 119 228
120 232 161 191
163 189 163 189
194 158 210 142
216 136 219 133
224 133 222 135
213 144 197 160
169 188 121 236
121 241 175 187
192 170 195 167
200 162 217 145
227 135 227 135
222 145 221 146
202 165 195 172
177 190 122 245
123 249 184 188
198 174 206 166
204 173 203 174
200 177 199 178
194 183 192 185
190 187 189 188
184 193 124 253
125 257 193 189
195 192 126 261
127 265 198 194
206 186 206 186
209 188 208 189
193 204 128 269
129 271 192 208
210 190 211 189
213 187 214 186
217 188 213 192
190 215 131 274
132 278 192 218
214 196 222 188
227 188 216 199
194 221 135 280
137 283 197 223
221 199 221 199
223 197 230 190
239 181 241 179
244 181 243 182
236 189 225 200
201 224 165 260
162 263 139 286
141 289 164 266
168 262 203 227
229 201 244 186
246 184 248 182
252 183 250 185
248 187 240 195
207 228 174 261
166 269 141 294
141 299 169 271
191 249 211 229
220 220 224 216
215 230 192 253
171 274 141 304
141 309 173 277
195 255 197 253
205 245 222 228
200 255 196 259
176 279 141 314
141 319 178 282
204 256 204 256
180 285 134 331
130 340 130 340
132 338 182 288
186 289 130 345
130 350 189 291
192 293 131 354
131 359 197 293
206 284 206 284
208 282 208 282
216 274 221 269
229 261 229 261
229 266 227 268
223 272 176 319
171 324 133 362
133 367 175 325
180 320 217 283
232 268 232 268
220 285 184 321
177 328 135 370
137 373 181 329
188 322 200 310
215 295 222 288
202 313 194 321
183 332 141 374
142 378 188 332
199 321 206 314
211 314 206 319
191 334 145 380
149 381 196 334
212 318 217 313
201 334 151 384
153 387 206 334
213 332 156 389
161 389 225 325
236 319 165 390
169 391 222 338
223 342 174 391
179 391 224 346
226 349 184 391
189 391 208 372
211 369 226 354
217 368 214 371
210 375 196 389
205 385 211 379
