[2, 205][1, 206]
[1, 211][5, 207]
[8, 209][1, 216]
[1, 221][11, 211]
[14, 213][1, 226]
[1, 231][18, 214]
[22, 215][1, 236]
[1, 241][25, 217]
[27, 220][1, 246]
[1, 251][30, 222]
[33, 224][1, 256]
[1, 261][36, 226]
[38, 229][1, 266]
[1, 271][41, 231]
[42, 235][1, 276]
[1, 281][44, 238]
[47, 240][1, 286]
[1, 291][50, 242]
[54, 243][1, 296]
[1, 301][56, 246]
[59, 248][1, 306]
[1, 311][63, 249]
[66, 251][1, 316]
[1, 321][69, 253]
[73, 254][1, 326]
[1, 331][82, 250]
[85, 252][1, 336]
[1, 341][87, 255]
[91, 256][1, 346]
[1, 351][94, 258]
[98, 259][1, 356]
[1, 361][101, 261]
[105, 262][1, 366]
[1, 371][110, 262]
[114, 263][1, 376]
[1, 381][120, 262]
[128, 259][1, 386]
[1, 391][133, 259]
[139, 258][1, 396]
[1, 399][142, 258]
[145, 260][6, 399]
[11, 399][148, 262]
[150, 265][16, 399]
[21, 399][154, 266]
[156, 269][26, 399]
[31, 399][159, 271]
[163, 272][36, 399]
[41, 399][166, 274]
[170, 275][46, 399]
[51, 399][174, 276]
[178, 277][56, 399]
[61, 399][182, 278]
[186, 279][66, 399]
[71, 399][190, 280]
[194, 281][76, 399]
[81, 399][199, 281]
[204, 281][86, 399]
[91, 399][209, 281]
[214, 281][113, 382]
[109, 386][96, 399]
[101, 399][109, 391]
[122, 378][219, 281]
[224, 281][126, 379]
[110, 395][106, 399]
[111, 399][111, 399]
[131, 379][229, 281]
[235, 280][134, 381]
[138, 382][241, 279]
[244, 281][142, 383]
[147, 383][248, 282]
[249, 286][149, 386]
[154, 386][165, 375]
[173, 367][199, 341]
[204, 336][249, 291]
[249, 296][211, 334]
[200, 345][183, 362]
[187, 363][202, 348]
[216, 334][223, 327]
[225, 325][247, 303]
[202, 353][190, 365]
[193, 367][205, 355]
[206, 359][195, 370]
[197, 373][207, 363]
[209, 366][200, 375]
[203, 377][209, 371]
