43
118 184 118 184
123 179 123 179
173 134 168 139
123 184 119 188
104 208 107 205
119 193 123 189
126 186 128 184
169 143 176 136
183 134 173 144
131 186 128 189
125 192 120 197
113 204 106 211
107 215 126 196
128 194 133 189
176 146 187 135
193 134 180 147
135 192 109 218
110 222 137 195
182 150 193 139
195 137 197 135
202 135 185 152
141 196 113 224
117 225 145 197
153 189 154 188
188 154 206 136
214 133 191 156
157 190 154 193
147 200 119 228
120 232 161 191
163 189 163 189
194 158 219 133
224 133 197 160
169 188 121 236
121 241 175 187
192 170 195 167
200 162 227 135
236 126 242 120
244 123 221 146
202 165 195 172
177 190 122 245
123 249 184 188
198 174 206 166
228 144 252 120
254 123 235 142
204 173 203 174
200 177 192 185
190 187 189 188
184 193 124 253
125 257 204 178
239 143 255 127
256 131 242 145
205 182 126 261
127 265 206 186
235 157 239 153
241 151 258 134
260 137 237 160
229 168 224 173
209 188 128 269
129 271 211 189
213 187 214 186
224 176 233 167
241 159 261 139
263 142 245 160
243 162 242 163
239 166 228 177
217 188 131 274
132 278 222 188
233 177 267 143
270 145 238 177
227 188 135 280
137 283 230 190
239 181 274 146
275 150 243 182
236 189 165 260
162 263 139 286
141 289 164 266
168 262 244 186
246 184 276 154
277 158 174 261
166 269 141 294
141 299 169 271
191 249 279 161
279 166 192 253
171 274 141 304
141 309 173 277
195 255 280 170
287 168 286 169
281 174 196 259
176 279 141 314
141 319 178 282
204 256 284 176
286 174 290 170
291 174 207 258
180 285 134 331
130 340 130 340
132 338 182 288
212 258 291 179
291 184 215 260
186 289 130 345
130 350 189 291
219 261 289 191
290 195 223 262
192 293 131 354
131 359 197 293
206 284 206 284
208 282 208 282
216 274 221 269
228 262 290 200
286 209 176 319
171 324 133 362
133 367 175 325
180 320 275 225
278 222 283 217
274 231 184 321
177 328 135 370
137 373 181 329
188 322 274 236
272 243 194 321
183 332 141 374
142 378 188 332
199 321 271 249
269 256 206 319
191 334 145 380
149 381 196 334
212 318 264 266
261 274 216 319
201 334 151 384
153 387 206 334
218 322 219 321
221 319 258 282
257 288 227 318
213 332 156 389
161 389 257 293
256 299 165 390
169 391 258 302
259 306 174 391
179 391 262 308
264 311 184 391
189 391 267 313
270 315 196 389
205 385 270 320
269 326 214 381
221 379 221 379
229 371 264 336
249 356 248 357
