56
141 76 108 109
104 118 153 69
162 65 103 124
102 130 171 61
178 59 152 85
139 98 101 136
100 142 135 107
159 83 184 58
189 58 164 83
130 117 99 148
99 153 130 122
170 82 196 56
200 57 177 80
120 137 119 138
112 145 99 158
99 163 111 151
182 80 205 57
209 58 189 78
111 156 100 167
100 172 106 166
195 77 214 58
219 58 200 77
106 171 103 174
102 180 105 177
205 77 223 59
226 61 208 79
104 183 103 184
103 189 103 189
213 79 230 62
233 64 215 82
104 193 103 194
219 83 236 66
240 67 224 83
228 84 242 70
245 72 233 84
236 86 248 74
250 77 240 87
243 89 253 79
256 81 247 90
251 91 259 83
261 86 254 93
257 95 263 89
266 91 260 97
263 99 268 94
271 96 266 101
269 103 273 99
275 102 271 106
273 109 276 106
278 109 274 113
275 117 281 111
283 114 277 120
278 122 283 117
286 119 278 127
278 132 286 124
288 127 277 138
278 142 290 130
291 134 279 146
281 149 290 140
290 145 282 153
283 157 290 150
290 155 284 161
285 165 290 160
289 166 285 170
285 175 286 174
289 171 289 171
285 180 284 181
