[1, 171][2, 170]
[5, 172][1, 176]
[1, 181][7, 175]
[10, 177][1, 186]
[1, 191][13, 179]
[15, 182][1, 196]
[1, 201][18, 184]
[21, 186][3, 204]
[6, 206][23, 189]
[26, 191][9, 208]
[12, 210][28, 194]
[31, 196][15, 212]
[19, 213][33, 199]
[36, 201][23, 214]
[26, 216][40, 202]
[42, 205][28, 219]
[31, 221][45, 207]
[48, 209][34, 223]
[37, 225][51, 211]
[54, 213][39, 228]
[42, 230][56, 216]
[59, 218][43, 234]
[45, 237][62, 220]
[65, 222][48, 239]
[51, 241][68, 224]
[71, 226][55, 242]
[58, 244][75, 227]
[78, 229][61, 246]
[65, 247][81, 231]
[84, 233][69, 248]
[75, 247][87, 235]
[90, 237][80, 247]
[84, 248][92, 240]
[95, 242][89, 248]
[94, 248][97, 245]
