[140, 117][139, 118]
[140, 122][143, 119]
[109, 163][112, 160]
[113, 164][104, 173]
[105, 177][115, 167]
[119, 168][106, 181]
[109, 183][124, 168]
[195, 102][194, 103]
[145, 152][141, 156]
[132, 165][114, 183]
[119, 183][151, 151]
[196, 106][200, 102]
[205, 102][200, 107]
[158, 149][125, 182]
[127, 185][163, 149]
[206, 106][210, 102]
[212, 105][211, 106]
[167, 150][128, 189]
[129, 193][135, 187]
[144, 178][171, 151]
[175, 152][149, 178]
[135, 192][133, 194]
[151, 181][179, 153]
[183, 154][154, 183]
[158, 184][186, 156]
[189, 158][162, 185]
[166, 186][177, 175]
[180, 172][192, 160]
[195, 162][186, 171]
[179, 178][174, 183]
[179, 183][179, 183]
[190, 172][196, 166]
[196, 171][194, 173]
[195, 177][201, 171]
[204, 173][194, 183]
[194, 188][209, 173]
[222, 160][222, 160]
[256, 131][252, 135]
[228, 159][190, 197]
[181, 206][177, 210]
[193, 199][194, 198]
[196, 196][196, 196]
[204, 188][233, 159]
[254, 138][257, 135]
[238, 159][208, 189]
[210, 190][215, 185]
[225, 175][242, 158]
[247, 158][231, 174]
[215, 190][212, 193]
[215, 195][216, 194]
[227, 183][251, 159]
[258, 152][263, 147]
[264, 151][260, 155]
[255, 160][241, 174]
[237, 178][228, 187]
[230, 190][240, 180]
[245, 175][264, 156]
[265, 160][234, 191]
[241, 189][266, 164]
[267, 168][246, 189]
[250, 190][260, 180]
[260, 185][253, 192]
[257, 193][265, 185]
[270, 185][259, 196]
[259, 201][272, 188]
[274, 191][260, 205]
[261, 209][278, 192]
[271, 204][268, 207]
