43
125 152 117 160
116 166 131 151
135 152 115 172
118 174 140 152
162 135 155 142
145 152 121 176
124 178 150 152
159 143 166 136
165 142 164 143
155 152 124 183
124 188 125 187
129 183 159 153
167 145 168 144
172 145 171 146
163 154 149 168
139 178 132 185
127 190 126 191
127 195 127 195
134 188 144 178
147 175 150 172
157 165 168 154
174 148 175 147
179 148 177 150
173 154 162 165
150 177 136 191
138 194 152 180
164 168 164 168
167 165 181 151
184 153 171 166
169 168 167 170
157 180 142 195
146 196 152 190
155 187 162 180
171 171 173 169
176 166 187 155
190 157 181 166
178 169 174 173
168 179 161 186
159 188 158 189
153 194 150 197
162 190 162 190
164 188 173 179
177 175 193 159
196 161 170 187
176 186 191 171
196 166 199 163
220 147 203 164
194 173 178 189
185 187 197 175
207 165 227 145
234 143 205 172
202 175 201 176
188 189 185 192
205 177 238 144
241 146 206 181
207 185 234 158
240 152 240 152
236 161 230 167
223 174 210 187
212 188 212 188
215 185 223 177
234 166 240 160
241 164 240 165
227 178 218 187
223 187 232 178
237 178 228 187
231 189 238 182
242 183 237 188
245 185 245 185
175 320 172 323
176 324 179 321
183 322 178 327
182 328 187 323
193 322 184 331
189 331 198 322
205 320 192 333
197 333 211 319
215 320 202 333
207 333 217 323
220 320 220 320
226 319 214 331
