46
122 70 122 70
125 67 132 60
141 56 108 89
104 98 146 56
148 59 103 104
102 110 154 58
160 57 100 117
97 125 160 62
164 63 97 130
98 134 162 70
164 68 164 68
166 66 168 64
166 71 98 139
98 144 167 75
173 74 98 149
98 154 177 75
179 78 99 158
102 160 180 82
184 83 102 165
104 168 188 84
192 85 134 143
114 163 106 171
104 173 102 175
108 174 112 170
143 139 193 89
198 89 152 135
158 134 201 91
203 94 166 131
173 129 208 94
211 96 183 124
187 125 217 95
217 100 192 125
197 125 219 103
222 105 202 125
208 124 228 104
231 106 212 125
217 125 233 109
234 113 222 125
225 127 237 115
237 120 230 127
235 127 235 127
