46
122 70 122 70
125 67 140 52
146 51 108 89
104 98 152 50
157 50 103 104
102 110 164 48
172 45 100 117
97 125 177 45
180 47 97 130
98 134 186 46
193 44 98 139
98 144 198 44
203 44 98 149
98 154 208 44
212 45 99 158
102 160 217 45
221 46 102 165
104 168 225 47
229 48 126 151
116 161 106 171
104 173 102 175
108 174 115 167
132 150 232 50
237 50 215 72
207 80 136 151
114 173 108 179
108 184 117 175
141 151 208 84
215 77 240 52
245 52 221 76
210 87 163 134
154 143 146 151
120 177 110 187
110 192 117 185
119 183 122 180
151 151 158 144
167 135 218 84
223 79 248 54
251 56 228 79
218 89 174 133
163 144 156 151
118 189 110 197
112 200 118 194
160 152 166 146
177 135 219 93
229 83 231 81
233 79 254 58
257 60 237 80
222 95 184 133
170 147 164 153
148 169 140 177
119 198 114 203
145 177 146 176
151 171 156 166
169 153 173 149
188 134 225 97
236 86 243 79
245 77 259 63
262 65 246 81
225 102 194 133
176 151 174 153
161 166 151 176
153 179 163 169
165 167 166 166
194 138 194 138
198 134 230 102
250 82 264 68
267 70 252 85
237 100 203 134
166 171 158 179
163 179 170 172
174 168 175 167
207 135 239 103
256 86 269 73
272 75 258 89
241 106 215 132
180 167 179 168
173 174 169 178
174 178 176 176
220 132 245 107
264 88 274 78
275 82 266 91
250 107 225 132
228 134 235 127
243 119 252 110
265 97 275 87
274 93 272 95
255 112 245 122
253 119 262 110
265 112 255 122
256 126 266 116
269 118 257 130
259 133 271 121
274 123 261 136
262 138 274 126
275 130 264 141
268 142 276 134
277 138 271 144
275 145 279 141
282 143 276 149
277 153 283 147
286 149 278 157
280 160 287 153
286 159 280 165
281 169 286 164
285 170 282 173
285 175 285 175
