41
137 103 141 99
152 88 156 84
139 108 131 116
130 124 141 113
144 117 112 149
90 171 87 174
86 182 97 171
113 155 145 123
147 128 107 168
102 173 86 189
87 195 101 181
106 176 127 155
136 146 145 137
147 142 144 145
126 163 104 185
102 187 88 201
89 207 102 194
105 191 125 171
128 168 128 168
127 176 91 212
93 217 130 180
138 172 140 170
149 168 142 175
137 180 96 221
99 225 124 200
136 188 143 181
150 174 156 168
175 149 175 149
235 89 235 89
240 91 239 92
182 149 180 151
162 169 142 189
126 205 102 229
104 234 127 211
147 191 168 170
184 154 187 151
244 94 245 93
251 94 248 97
192 153 187 158
172 173 152 193
128 217 110 235
113 239 131 221
157 195 175 177
177 175 177 175
187 165 198 154
253 99 254 98
204 155 164 195
137 222 114 245
112 254 145 221
168 198 212 154
262 104 263 103
267 106 265 108
219 154 201 172
195 178 114 259
115 265 195 185
206 174 226 154
268 112 269 111
271 116 270 117
233 154 231 156
215 172 207 180
191 196 117 270
119 275 167 227
171 223 188 206
207 187 216 178
238 156 240 154
269 125 273 121
274 126 268 132
246 154 243 157
220 180 208 192
189 211 174 226
169 231 122 278
122 285 171 236
177 230 191 216
210 197 221 186
224 183 229 178
250 157 253 154
266 141 274 133
274 140 267 147
260 154 255 159
246 168 212 202
193 221 182 232
174 240 121 293
120 301 160 261
163 258 178 243
187 234 194 227
214 207 252 169
260 161 264 157
268 153 274 147
276 145 276 145
277 151 272 156
270 158 265 163
258 170 214 214
212 216 211 217
197 231 192 236
183 245 172 256
168 260 118 310
104 331 105 330
116 319 168 267
172 263 176 259
183 252 186 249
198 237 203 232
213 222 266 169
269 166 279 156
280 162 205 237
182 260 179 263
173 269 98 344
97 352 179 270
186 263 189 260
211 238 282 167
282 174 214 242
209 247 207 249
194 262 193 263
183 273 97 359
98 365 185 278
187 276 187 276
198 265 201 262
208 255 282 181
283 187 215 255
208 262 204 266
192 278 100 370
102 375 197 280
208 269 208 269
210 267 216 261
220 257 285 192
291 193 224 260
222 262 213 271
211 273 109 375
107 377 105 379
106 385 108 383
113 378 287 204
294 197 295 196
287 211 120 378
111 387 110 388
112 393 113 392
126 379 287 218
287 225 130 382
134 385 282 237
267 259 232 294
229 297 137 389
142 391 233 300
239 294 243 290
245 288 247 286
250 283 259 274
262 271 264 269
238 302 146 394
150 397 241 306
241 313 155 399
162 399 241 320
241 327 169 399
176 399 243 332
247 335 183 399
190 399 249 340
252 344 197 399
204 399 255 348
255 355 211 399
218 399 254 363
252 372 225 399
232 399 246 385
249 382 249 382
