54
142 98 151 89
162 85 140 107
142 112 169 85
177 84 145 116
146 122 185 83
192 83 148 127
146 136 198 84
205 84 148 141
152 144 209 87
215 88 157 146
165 145 222 88
229 88 169 148
125 199 135 189
176 148 234 90
238 93 183 148
141 190 127 204
128 210 146 192
188 150 243 95
247 98 193 152
151 194 129 216
132 220 156 196
199 153 252 100
257 102 205 154
163 196 138 221
146 220 167 199
213 153 261 105
264 109 220 153
200 173 196 177
196 184 205 175
227 153 267 113
269 118 234 153
206 181 195 192
193 194 192 195
189 205 206 188
241 153 268 126
267 133 247 153
207 193 190 210
192 215 209 198
254 153 265 142
266 148 261 153
211 203 194 220
195 226 213 208
265 156 267 154
210 218 198 230
204 231 212 223
