41
168 142 175 135
183 134 173 144
177 147 188 136
193 138 182 149
186 152 203 135
211 134 190 155
194 158 210 142
216 136 219 133
225 134 224 135
214 145 198 161
195 171 203 163
218 148 221 145
206 167 199 174
195 185 203 177
217 170 211 176
205 182 196 191
199 195 200 194
203 191 205 189
212 182 218 176
221 173 221 173
223 177 215 185
207 193 205 195
199 201 193 207
191 216 197 210
207 200 209 198
219 188 229 178
236 178 226 188
210 204 209 205
196 218 194 220
199 222 200 221
212 209 212 209
220 201 221 200
233 188 239 182
243 185 241 187
227 201 213 215
204 224 203 225
208 227 210 225
217 218 231 204
233 209 226 216
220 222 219 223
214 228 213 229
198 251 198 251
200 249 200 249
223 226 235 214
240 216 225 231
223 233 222 234
227 236 244 219
249 221 230 240
235 242 253 224
256 228 238 246
240 251 254 237
