54
240 119 239 120
233 133 237 129
240 126 243 123
252 121 245 128
250 130 254 126
256 131 254 133
245 142 242 145
201 193 202 192
219 175 220 174
222 172 224 170
226 168 226 168
235 159 251 143
257 137 259 135
261 139 260 140
257 143 241 159
233 167 224 176
209 191 208 192
204 196 200 200
198 209 206 201
210 197 213 194
230 177 245 162
247 160 264 143
268 146 237 177
215 199 211 203
208 206 197 217
201 220 211 210
213 208 219 202
242 179 274 147
276 152 248 180
212 216 205 223
211 224 216 219
232 203 239 196
249 186 249 186
253 182 277 158
279 163 234 208
218 224 215 227
236 213 280 169
288 168 286 170
284 172 283 173
281 175 241 215
221 235 203 253
207 256 226 237
245 218 291 172
291 179 250 220
229 241 212 258
217 260 234 243
254 223 290 187
289 195 257 227
237 247 224 260
228 263 228 263
231 260 239 252
255 236 290 201
283 215 234 264
230 268 220 278
221 284 274 231
273 239 222 290
218 294 201 311
206 313 271 248
265 261 213 313
215 318 217 316
220 313 262 271
258 282 221 319
219 321 218 322
228 319 257 290
256 298 237 317
223 338 258 303
261 307 226 342
227 348 264 311
269 313 229 353
210 372 209 373
212 377 270 319
269 327 215 381
236 367 236 367
239 364 242 361
244 359 253 350
258 345 260 343
264 339 264 339
