121 315 119 317
106 333 107 332
109 330 109 330
117 322 124 315
124 318 106 336
98 347 98 347
108 337 125 320
126 322 111 337
101 347 98 350
98 353 103 348
114 337 118 333
121 330 129 322
129 325 123 331
118 336 117 337
103 351 98 356
99 358 104 353
121 336 121 336
124 333 129 328
129 331 121 339
105 355 100 360
98 365 106 357
121 342 129 334
130 336 120 346
106 360 100 366
100 369 107 362
117 352 131 338
131 341 118 354
108 364 101 371
102 373 110 365
118 357 130 345
130 348 125 353
123 355 121 357
112 366 102 376
104 377 114 367
121 360 129 352
130 354 121 363
116 368 105 379
108 379 121 366
123 364 133 354
133 357 110 380
113 380 133 360
129 367 118 378
121 378 130 369
131 371 124 378
126 379 132 373
133 375 126 382
127 384 134 377
134 380 129 385
131 386 135 382
137 383 133 387
136 387 137 386
139 387 138 388
138 391 142 387
144 388 140 392
142 393 147 388
147 391 144 394
145 396 150 391
153 391 147 397
149 398 154 393
155 395 151 399
154 399 157 396
159 397 157 399
160 399 160 399
