103 223 103 223
107 219 108 218
114 212 115 211
118 211 114 215
111 218 103 226
104 228 118 214
119 216 106 229
107 231 120 218
121 220 110 231
111 233 123 221
125 222 112 235
112 238 128 222
129 224 113 240
114 242 130 226
132 227 114 245
115 247 134 228
136 229 116 249
116 252 140 228
143 228 117 254
118 256 118 256
120 254 146 228
149 228 118 259
119 261 143 237
147 233 149 231
143 240 120 263
120 266 134 252
140 246 146 240
149 240 143 246
135 254 120 269
120 272 136 256
146 246 150 242
150 245 147 248
137 258 121 274
122 276 138 260
147 251 152 246
153 247 147 253
139 261 123 277
124 279 140 263
148 255 155 248
158 245 158 245
161 245 148 258
142 264 125 281
124 285 124 285
126 283 135 274
137 272 143 266
150 259 164 245
172 240 171 241
167 245 153 259
143 269 142 270
133 279 124 288
125 290 134 281
143 272 145 270
157 258 175 240
175 243 173 245
171 247 165 253
163 255 160 258
147 271 143 275
135 283 128 290
130 291 135 286
144 277 149 272
163 258 163 258
167 254 173 248
175 249 170 254
150 274 144 280
135 289 131 293
134 293 137 290
143 284 151 276
174 253 175 252
151 279 143 287
138 292 136 294
143 290 152 281
153 283 145 291
143 293 140 296
140 299 155 284
156 286 142 300
144 301 157 288
157 291 145 303
147 304 158 293
159 295 148 306
150 307 160 297
161 299 152 308
153 310 163 300
164 302 155 311
156 313 167 302
169 303 158 314
161 314 172 303
173 305 166 312
168 313 175 306
175 309 172 312
