203 314 206 311
209 311 205 315
207 316 212 311
215 311 208 318
208 321 215 314
215 317 208 324
210 325 215 320
227 311 204 334
203 338 230 311
231 313 203 341
204 343 231 316
231 319 204 346
203 350 231 322
232 324 203 353
203 356 230 329
232 327 232 327
230 332 203 359
200 365 231 334
231 337 200 368
202 369 231 340
229 345 205 369
207 370 229 348
228 352 209 371
209 374 229 354
227 359 211 375
214 375 227 362
229 363 214 378
216 379 232 363
239 356 242 353
246 352 236 362
234 364 217 381
202 399 206 395
217 384 249 352
250 354 216 388
214 390 205 399
208 399 250 357
249 361 211 399
214 399 214 399
216 397 249 364
248 368 232 384
230 386 222 394
227 392 228 391
232 387 248 371
245 377 239 383
237 385 234 388
235 390 239 386
241 384 243 382
240 388 237 391
