200 44
188 48
175 46
157 49
135 58
111 87
102 107
98 127
99 154
104 164
104 171
100 174
101 195
107 202
105 209
109 218
120 230
128 266
142 289
142 319
133 329
129 342
130 359
139 375
146 380
132 364
129 342
133 329
142 319
142 288
128 266
121 233
113 220
113 208
109 203
109 179
103 172
104 166
108 165
121 180
125 199
134 204
165 206
178 203
184 198
193 176
205 176
217 200
222 204
251 205
267 201
272 195
277 177
282 182
283 194
280 205
283 187
279 177
282 158
287 154
289 142
279 105
279 90
275 87
274 80
255 60
242 52
216 45
