[179, 239]
[179, 240]
[180, 241]
[181, 242]
[182, 242]
[183, 243]
[184, 243]
[185, 244]
[186, 245]
[187, 245]
[188, 245]
[189, 245]
[190, 246]
[191, 246]
[192, 246]
[193, 246]
[194, 247]
[195, 247]
[196, 247]
[197, 248]
[197, 249]
[197, 250]
[198, 251]
[199, 252]
[200, 253]
[201, 253]
[202, 254]
[203, 254]
[204, 255]
[205, 255]
[206, 255]
[207, 255]
[208, 255]
[209, 255]
[210, 255]
[211, 255]
[212, 254]
[213, 254]
[214, 254]
[215, 254]
[216, 253]
[217, 253]
[218, 252]
[219, 251]
[220, 251]
[221, 250]
[222, 249]
[223, 249]
[224, 248]
[225, 248]
[226, 248]
[227, 248]
[228, 248]
[229, 248]
[230, 248]
[231, 248]
[232, 247]
[233, 247]
[234, 247]
[235, 246]
[236, 246]
[237, 246]
[238, 245]
[239, 245]
[238, 245]
[237, 246]
[236, 246]
[235, 246]
[234, 247]
[233, 247]
[232, 247]
[231, 248]
[230, 248]
[229, 248]
[228, 248]
[227, 248]
[226, 248]
[225, 248]
[224, 248]
[223, 249]
[222, 249]
[221, 250]
[220, 250]
[219, 251]
[218, 252]
[217, 253]
[216, 253]
[215, 254]
[214, 254]
[213, 254]
[212, 254]
[211, 255]
[210, 255]
[209, 255]
[208, 255]
[207, 255]
[206, 255]
[205, 255]
[204, 255]
[203, 254]
[202, 254]
[201, 253]
[200, 252]
[199, 252]
[198, 251]
[199, 250]
[199, 249]
[200, 248]
[201, 248]
[200, 248]
[199, 248]
[198, 248]
[197, 248]
[196, 247]
[195, 247]
[194, 247]
[193, 246]
[192, 246]
[191, 246]
[190, 245]
[189, 245]
[188, 245]
[187, 245]
[186, 245]
[185, 244]
[184, 243]
[183, 243]
[182, 242]
[181, 242]
[180, 241]
