[319, 180]
[320, 179]
[321, 180]
[321, 181]
[321, 182]
[321, 183]
[321, 184]
[320, 185]
[320, 186]
[320, 187]
[319, 188]
[319, 189]
[319, 190]
[319, 191]
[318, 192]
[318, 193]
[318, 194]
[318, 195]
[317, 196]
[317, 197]
[317, 198]
[317, 199]
[317, 200]
[316, 201]
[315, 202]
[314, 203]
[313, 204]
[312, 205]
[311, 204]
[310, 203]
[310, 202]
[310, 201]
[310, 200]
[310, 199]
[310, 198]
[310, 197]
[311, 196]
[311, 195]
[312, 194]
[312, 193]
[312, 192]
[312, 191]
[312, 190]
[313, 189]
[313, 188]
[313, 187]
[314, 186]
[314, 185]
[314, 184]
[314, 183]
[315, 182]
[316, 181]
[317, 181]
