[290, 290]
[290, 291]
[290, 292]
[291, 293]
[292, 294]
[293, 295]
[293, 296]
[294, 297]
[294, 298]
[294, 299]
[295, 300]
[296, 301]
[296, 302]
[296, 303]
[296, 304]
[297, 305]
[297, 306]
[296, 307]
[296, 308]
[296, 309]
[296, 310]
[296, 311]
[296, 312]
[295, 313]
[295, 314]
[295, 315]
[295, 316]
[295, 317]
[295, 318]
[295, 319]
[295, 320]
[295, 321]
[294, 322]
[293, 323]
[293, 324]
[293, 325]
[293, 326]
[292, 327]
[292, 328]
[291, 329]
[291, 330]
[291, 331]
[291, 332]
[290, 333]
[290, 334]
[289, 335]
[289, 336]
[289, 337]
[288, 338]
[288, 339]
[287, 340]
[287, 341]
[286, 342]
[286, 343]
[286, 344]
[285, 345]
[285, 346]
[285, 347]
[284, 348]
[284, 349]
[283, 350]
[283, 351]
[283, 352]
[282, 353]
[282, 354]
[281, 355]
[281, 356]
[280, 357]
[280, 358]
[279, 359]
[279, 360]
[279, 361]
[278, 362]
[277, 363]
[277, 364]
[277, 365]
[276, 366]
[276, 367]
[275, 368]
[275, 369]
[274, 370]
[274, 371]
[273, 372]
[273, 373]
[272, 374]
[272, 375]
[271, 376]
[271, 377]
[271, 378]
[270, 379]
[270, 380]
[269, 381]
[269, 382]
[268, 383]
[268, 384]
[267, 385]
[267, 386]
[266, 387]
[266, 388]
[266, 389]
[265, 390]
[265, 391]
[264, 392]
[264, 393]
[263, 394]
[263, 395]
[263, 396]
[262, 397]
[262, 398]
[262, 397]
[263, 396]
[263, 395]
[263, 394]
[264, 393]
[264, 392]
[265, 391]
[265, 390]
[266, 389]
[266, 388]
[266, 387]
[267, 386]
[267, 385]
[268, 384]
[268, 383]
[269, 382]
[269, 381]
[270, 380]
[270, 379]
[271, 378]
[271, 377]
[271, 376]
[272, 375]
[272, 374]
[273, 373]
[273, 372]
[274, 371]
[274, 370]
[275, 369]
[275, 368]
[276, 367]
[276, 366]
[277, 365]
[277, 364]
[278, 363]
[278, 362]
[279, 361]
[279, 360]
[279, 359]
[280, 358]
[280, 357]
[281, 356]
[281, 355]
[282, 354]
[282, 353]
[283, 352]
[283, 351]
[283, 350]
[284, 349]
[284, 348]
[285, 347]
[285, 346]
[286, 345]
[286, 344]
[286, 343]
[287, 342]
[287, 341]
[288, 340]
[288, 339]
[288, 338]
[289, 337]
[289, 336]
[289, 335]
[290, 334]
[290, 333]
[291, 332]
[291, 331]
[291, 330]
[291, 329]
[292, 328]
[292, 327]
[293, 326]
[293, 325]
[293, 324]
[293, 323]
[294, 322]
[295, 322]
[296, 322]
[297, 321]
[297, 320]
[296, 320]
[295, 319]
[295, 318]
[295, 317]
[295, 316]
[295, 315]
[295, 314]
[295, 313]
[296, 312]
[296, 311]
[296, 310]
[296, 309]
[296, 308]
[296, 307]
[297, 306]
[298, 305]
[299, 306]
[300, 306]
[301, 307]
[302, 308]
[302, 309]
[303, 310]
[303, 311]
[304, 312]
[305, 313]
[305, 314]
[306, 315]
[307, 315]
[308, 316]
[309, 317]
[309, 318]
[309, 319]
[310, 320]
[311, 321]
[312, 322]
[313, 323]
[314, 324]
[313, 325]
[313, 326]
[314, 327]
[315, 327]
[316, 326]
[317, 327]
[318, 328]
[319, 329]
[320, 329]
[321, 330]
[322, 330]
[323, 330]
[324, 331]
[325, 331]
[326, 331]
[327, 332]
[328, 332]
[329, 333]
[330, 333]
[331, 334]
[332, 334]
[333, 334]
[334, 335]
[335, 335]
[336, 336]
[337, 336]
[338, 337]
[339, 337]
[340, 337]
[341, 338]
[342, 338]
[343, 339]
[344, 339]
[345, 340]
[346, 340]
[347, 340]
[348, 341]
[349, 341]
[350, 342]
[351, 342]
[352, 343]
[353, 343]
[354, 343]
[355, 344]
[356, 344]
[357, 345]
[358, 345]
[359, 345]
[360, 346]
[361, 346]
[362, 347]
[363, 347]
[364, 347]
[365, 348]
[366, 348]
[367, 349]
[368, 349]
[369, 349]
[370, 350]
[371, 350]
[372, 351]
[373, 351]
[374, 352]
[375, 352]
[376, 352]
[377, 353]
[378, 353]
[379, 354]
[380, 354]
[381, 355]
[382, 355]
[383, 355]
[384, 356]
[385, 356]
[386, 357]
[387, 357]
[388, 357]
[389, 358]
[390, 358]
[391, 358]
[392, 359]
[393, 359]
[394, 359]
[395, 360]
[396, 361]
[396, 362]
[396, 363]
[397, 364]
[397, 365]
[397, 366]
[397, 367]
[396, 368]
[397, 367]
[397, 366]
[397, 365]
[397, 364]
[396, 363]
[396, 362]
[396, 361]
[395, 360]
[394, 359]
[393, 359]
[392, 359]
[391, 358]
[390, 358]
[389, 358]
[388, 357]
[387, 357]
[386, 357]
[385, 356]
[384, 356]
[383, 355]
[382, 355]
[381, 355]
[380, 354]
[379, 354]
[378, 353]
[377, 353]
[376, 352]
[375, 352]
[374, 352]
[373, 351]
[372, 351]
[371, 350]
[370, 350]
[369, 349]
[368, 349]
[367, 348]
[366, 348]
[365, 348]
[364, 347]
[363, 347]
[362, 347]
[361, 346]
[360, 346]
[359, 345]
[358, 345]
[357, 345]
[356, 344]
[355, 344]
[354, 343]
[353, 343]
[352, 342]
[351, 342]
[350, 342]
[349, 341]
[348, 341]
[347, 340]
[346, 340]
[345, 339]
[344, 339]
[343, 338]
[342, 338]
[341, 338]
[340, 337]
[339, 337]
[338, 336]
[337, 336]
[336, 336]
[335, 335]
[334, 335]
[333, 334]
[332, 334]
[331, 334]
[330, 333]
[329, 333]
[328, 332]
[327, 332]
[326, 331]
[325, 331]
[324, 331]
[323, 330]
[322, 330]
[321, 330]
[320, 329]
[319, 329]
[318, 328]
[317, 327]
[316, 326]
[315, 325]
[314, 324]
[314, 323]
[313, 322]
[312, 321]
[311, 321]
[310, 320]
[310, 319]
[309, 318]
[309, 317]
[308, 316]
[307, 315]
[306, 314]
[305, 313]
[304, 312]
[304, 311]
[303, 310]
[303, 309]
[302, 308]
[301, 307]
[300, 306]
[299, 306]
[298, 305]
[297, 304]
[296, 303]
[296, 302]
[296, 301]
[295, 300]
[295, 299]
[294, 298]
[294, 297]
[293, 296]
[293, 295]
[292, 294]
[291, 293]
[291, 292]
