[235, 293]
[234, 294]
[233, 294]
[232, 295]
[231, 296]
[230, 296]
[229, 297]
[228, 298]
[227, 298]
[226, 299]
[225, 299]
[225, 300]
[224, 301]
[223, 301]
[222, 301]
[221, 301]
[220, 302]
[219, 302]
[218, 302]
[217, 302]
[216, 302]
[215, 301]
[214, 301]
[213, 301]
[212, 300]
[211, 300]
[210, 300]
[209, 300]
[208, 300]
[207, 300]
[206, 301]
[205, 301]
[204, 301]
[203, 301]
[202, 301]
[201, 301]
[200, 301]
[201, 301]
[202, 301]
[203, 301]
[204, 301]
[205, 301]
[206, 301]
[207, 302]
[208, 302]
[209, 301]
[210, 300]
[211, 300]
[212, 300]
[213, 301]
[214, 301]
[215, 302]
[216, 302]
[217, 302]
[218, 302]
[219, 302]
[220, 302]
[221, 301]
[222, 301]
[223, 301]
[224, 301]
[225, 301]
[225, 300]
[226, 299]
[227, 298]
[228, 298]
[229, 298]
[230, 297]
[231, 296]
[232, 296]
[233, 295]
[234, 294]
[235, 293]
