199 45
216 45
217 48
205 52
190 63
208 51
223 47
250 57
251 63
253 59
264 70
267 93
262 115
258 119
264 140
261 129
264 124
262 113
265 109
263 112
262 107
265 96
268 95
264 79
266 74
272 77
275 83
273 93
275 88
279 90
280 117
283 118
281 133
281 126
285 125
284 134
288 132
289 147
285 156
280 155
273 123
274 139
283 160
279 177
269 167
276 178
273 192
267 201
251 205
220 203
207 178
215 168
229 165
240 167
235 169
235 174
258 173
229 165
213 169
207 177
192 177
187 168
192 177
186 194
178 203
165 206
147 206
127 201
120 179
129 168
155 162
129 168
120 178
113 173
111 167
116 156
130 143
163 130
170 131
180 122
170 131
162 130
130 143
116 155
110 167
103 163
99 153
98 127
101 116
106 113
102 113
102 107
115 81
137 57
158 49
