[163, 149]
[162, 150]
[161, 150]
[160, 150]
[159, 150]
[160, 150]
[161, 150]
[162, 150]
[163, 149]
[164, 149]
[165, 149]
[166, 149]
[167, 149]
[168, 150]
[169, 151]
[169, 152]
[168, 153]
[167, 153]
[166, 153]
[165, 153]
[164, 153]
[163, 153]
[162, 153]
[161, 153]
[160, 153]
[159, 153]
[160, 153]
[161, 153]
[162, 153]
[163, 153]
[164, 153]
[165, 153]
[166, 153]
[167, 153]
[168, 153]
[169, 152]
[170, 152]
[171, 152]
[172, 153]
[173, 153]
[174, 154]
[175, 154]
[176, 154]
[177, 154]
[178, 154]
[179, 154]
[180, 154]
[181, 154]
[182, 154]
[183, 154]
[184, 155]
[185, 155]
[186, 155]
[187, 156]
[188, 157]
[189, 157]
[190, 157]
[191, 158]
[192, 159]
[191, 158]
[191, 157]
[192, 156]
[193, 156]
[194, 156]
[195, 156]
[196, 157]
[197, 157]
[196, 157]
[195, 156]
[194, 156]
[193, 156]
[192, 156]
[191, 156]
[190, 157]
[189, 157]
[188, 157]
[187, 156]
[187, 155]
[188, 154]
[189, 153]
[190, 153]
[191, 153]
[190, 153]
[189, 153]
[188, 153]
[187, 154]
[186, 155]
[185, 155]
[184, 155]
[183, 154]
[182, 154]
[181, 154]
[180, 154]
[179, 154]
[178, 154]
[177, 154]
[176, 154]
[175, 154]
[174, 153]
[173, 153]
[172, 153]
[171, 152]
[170, 152]
[169, 151]
[168, 150]
[167, 149]
[166, 149]
[165, 149]
