[176, 275]
[177, 274]
[178, 274]
[179, 274]
[180, 274]
[181, 274]
[182, 274]
[183, 274]
[184, 275]
[185, 275]
[186, 275]
[187, 275]
[188, 276]
[189, 276]
[190, 276]
[191, 276]
[192, 276]
[193, 276]
[194, 276]
[195, 276]
[196, 276]
[197, 276]
[198, 277]
[199, 277]
[200, 277]
[201, 277]
[202, 278]
[203, 278]
[204, 278]
[205, 278]
[206, 278]
[207, 278]
[208, 278]
[209, 278]
[210, 278]
[211, 278]
[212, 278]
[213, 278]
[214, 278]
[215, 277]
[216, 277]
[217, 277]
[218, 277]
[219, 276]
[220, 276]
[221, 276]
[222, 276]
[223, 276]
[224, 276]
[225, 276]
[226, 276]
[227, 275]
[228, 275]
[229, 276]
[230, 276]
[231, 276]
[232, 276]
[233, 276]
[234, 276]
[235, 276]
[236, 276]
[237, 276]
[238, 276]
[239, 277]
[240, 278]
[240, 279]
[239, 280]
[238, 281]
[237, 282]
[236, 282]
[235, 281]
[234, 281]
[233, 281]
[232, 281]
[231, 281]
[230, 282]
[229, 283]
[228, 283]
[227, 283]
[226, 283]
[225, 283]
[225, 284]
[225, 285]
[224, 286]
[223, 286]
[222, 286]
[221, 286]
[220, 286]
[219, 286]
[218, 286]
[217, 286]
[216, 286]
[215, 287]
[214, 287]
[213, 287]
[212, 287]
[211, 287]
[210, 287]
[209, 287]
[208, 287]
[207, 287]
[206, 287]
[205, 287]
[204, 287]
[203, 287]
[202, 286]
[201, 286]
[200, 286]
[199, 286]
[198, 286]
[197, 286]
[196, 286]
[195, 285]
[194, 285]
[193, 285]
[192, 284]
[191, 284]
[190, 284]
[189, 284]
[188, 283]
[187, 283]
[186, 283]
[185, 283]
[184, 282]
[183, 282]
[182, 281]
[181, 281]
[180, 280]
[179, 280]
[178, 280]
[177, 279]
[176, 279]
[175, 278]
[175, 277]
