[109, 148]
[109, 149]
[109, 150]
[108, 151]
[108, 152]
[108, 153]
[108, 154]
[109, 155]
[110, 156]
[110, 157]
[111, 158]
[112, 159]
[113, 160]
[114, 161]
[115, 162]
[116, 163]
[117, 164]
[118, 165]
[119, 166]
[120, 167]
[121, 168]
[121, 169]
[122, 170]
[123, 171]
[123, 172]
[124, 173]
[124, 174]
[123, 175]
[122, 175]
[121, 175]
[122, 175]
[123, 175]
[124, 176]
[125, 177]
[126, 177]
[127, 178]
[128, 178]
[129, 178]
[130, 178]
[131, 178]
[132, 178]
[133, 178]
[134, 178]
[135, 178]
[136, 178]
[137, 179]
[137, 180]
[136, 181]
[135, 181]
[136, 181]
[137, 180]
[138, 180]
[139, 181]
[140, 181]
[141, 181]
[142, 182]
[143, 182]
[144, 182]
[145, 183]
[146, 182]
[147, 182]
[148, 182]
[149, 182]
[150, 181]
[151, 181]
[152, 181]
[153, 181]
[154, 181]
[155, 181]
[156, 180]
[157, 180]
[158, 180]
[159, 180]
[160, 180]
[161, 181]
[162, 182]
[162, 183]
[163, 183]
[164, 183]
[165, 183]
[166, 184]
[167, 184]
[168, 184]
[169, 184]
[170, 184]
[171, 184]
[172, 183]
[172, 182]
[173, 181]
[174, 180]
[175, 180]
[176, 180]
[177, 180]
[178, 180]
[179, 181]
[179, 182]
[179, 183]
[179, 184]
[180, 185]
[181, 186]
[182, 186]
[183, 187]
[184, 187]
[185, 188]
[186, 188]
[185, 188]
[184, 187]
[183, 186]
[182, 186]
[181, 185]
[180, 185]
[179, 184]
[179, 183]
[179, 182]
[180, 181]
[181, 181]
[182, 181]
[183, 182]
[184, 182]
[185, 183]
[186, 183]
[187, 184]
[186, 183]
[185, 183]
[184, 182]
[183, 181]
[182, 181]
[181, 181]
[180, 181]
[179, 180]
[178, 180]
[177, 180]
[176, 180]
[175, 180]
[174, 180]
[173, 179]
[172, 179]
[171, 179]
[170, 179]
[169, 178]
[168, 178]
[167, 178]
[166, 178]
[165, 178]
[164, 178]
[163, 178]
[162, 178]
[161, 179]
[160, 180]
[159, 180]
[158, 180]
[157, 180]
[156, 180]
[155, 181]
[154, 181]
[153, 181]
[152, 181]
[151, 181]
[150, 181]
[149, 182]
[148, 182]
[147, 182]
[146, 182]
[145, 183]
[144, 182]
[143, 182]
[142, 182]
[141, 181]
[140, 181]
[139, 180]
[138, 180]
[137, 179]
[136, 178]
[135, 178]
[134, 178]
[133, 178]
[132, 178]
[131, 178]
[130, 178]
[129, 178]
[128, 178]
[127, 178]
[126, 177]
[125, 177]
[124, 176]
[124, 175]
[124, 174]
[124, 173]
[123, 172]
[123, 171]
[122, 170]
[122, 169]
[121, 168]
[120, 167]
[119, 166]
[119, 165]
[118, 165]
[117, 164]
[116, 163]
[115, 162]
[114, 161]
[113, 160]
[113, 159]
[112, 158]
[111, 157]
[110, 156]
[109, 155]
[109, 154]
[108, 153]
[108, 152]
[108, 151]
[109, 150]
