[105, 231]
[105, 232]
[105, 233]
[105, 234]
[105, 235]
[105, 236]
[105, 237]
[105, 238]
[105, 239]
[105, 240]
[106, 241]
[106, 242]
[106, 243]
[106, 244]
[106, 245]
[106, 246]
[106, 247]
[106, 248]
[106, 249]
[106, 250]
[106, 251]
[106, 252]
[107, 253]
[107, 254]
[107, 255]
[107, 256]
[107, 257]
[107, 258]
[107, 259]
[107, 260]
[107, 261]
[107, 262]
[107, 263]
[107, 264]
[107, 265]
[108, 266]
[108, 267]
[108, 268]
[108, 269]
[108, 270]
[109, 271]
[109, 272]
[109, 273]
[110, 274]
[110, 275]
[110, 276]
[111, 277]
[111, 278]
[111, 279]
[112, 280]
[112, 281]
[112, 282]
[113, 283]
[113, 284]
[113, 285]
[114, 286]
[114, 287]
[114, 288]
[115, 289]
[115, 290]
[115, 291]
[116, 292]
[116, 293]
[116, 294]
[117, 295]
[117, 296]
[117, 297]
[118, 298]
[118, 299]
[117, 300]
[117, 301]
[117, 302]
[117, 303]
[118, 304]
[118, 305]
[118, 306]
[118, 307]
[119, 308]
[119, 309]
[119, 310]
[120, 311]
[120, 312]
[120, 313]
[121, 314]
[121, 315]
[121, 316]
[122, 317]
[122, 318]
[123, 319]
[124, 320]
[124, 321]
[125, 322]
[126, 323]
[126, 324]
[127, 325]
[128, 326]
[128, 327]
[129, 328]
[129, 329]
[130, 330]
[131, 331]
[132, 332]
[132, 333]
[133, 334]
[134, 334]
[135, 335]
[135, 336]
[136, 337]
[137, 338]
[138, 338]
[139, 339]
[139, 340]
[140, 341]
[141, 342]
[142, 343]
[143, 344]
[144, 345]
[145, 346]
[146, 347]
[147, 348]
[148, 349]
[149, 350]
[150, 351]
[151, 352]
[152, 353]
[153, 354]
[154, 355]
[155, 356]
[156, 357]
[157, 358]
[158, 359]
[159, 360]
[160, 361]
[161, 362]
[162, 363]
[163, 364]
[164, 365]
[165, 366]
[166, 366]
[167, 367]
[168, 368]
[169, 369]
[170, 370]
[171, 371]
[172, 372]
[173, 373]
[174, 374]
[175, 375]
[176, 376]
[177, 377]
[178, 378]
[179, 378]
[180, 379]
[181, 380]
[182, 381]
[183, 382]
[184, 383]
[185, 384]
[186, 385]
[187, 386]
[188, 386]
[189, 387]
[190, 388]
[191, 389]
[192, 390]
[193, 391]
[194, 391]
[195, 392]
[196, 393]
[197, 393]
[198, 394]
[199, 395]
[200, 396]
[201, 397]
[201, 398]
[201, 397]
[200, 396]
[200, 395]
[199, 395]
[198, 394]
[197, 393]
[196, 392]
[195, 392]
[194, 391]
[193, 390]
[192, 390]
[191, 389]
[190, 388]
[189, 387]
[188, 386]
[187, 385]
[186, 384]
[185, 383]
[184, 382]
[183, 381]
[182, 380]
[181, 379]
[180, 379]
[179, 378]
[178, 377]
[177, 376]
[176, 375]
[175, 374]
[174, 373]
[173, 372]
[172, 371]
[171, 370]
[170, 369]
[169, 369]
[168, 368]
[167, 367]
[166, 366]
[165, 365]
[164, 364]
[163, 363]
[162, 362]
[161, 361]
[160, 360]
[159, 359]
[158, 358]
[157, 357]
[156, 356]
[155, 355]
[154, 354]
[153, 354]
[152, 353]
[151, 352]
[151, 351]
[150, 350]
[149, 349]
[148, 348]
[147, 348]
[146, 347]
[146, 346]
[145, 345]
[144, 344]
[143, 344]
[142, 343]
[141, 342]
[140, 341]
[140, 340]
[139, 339]
[138, 338]
[137, 337]
[136, 336]
[135, 335]
[134, 334]
[133, 333]
[132, 332]
[131, 331]
[131, 330]
[130, 329]
[129, 328]
[129, 327]
[128, 326]
[127, 325]
[127, 324]
[126, 323]
[126, 322]
[125, 321]
[124, 320]
[123, 319]
[123, 318]
[122, 317]
[122, 316]
[121, 315]
[121, 314]
[120, 313]
[120, 312]
[120, 311]
[119, 310]
[119, 309]
[119, 308]
[118, 307]
[118, 306]
[118, 305]
[118, 304]
[117, 303]
[117, 302]
[117, 301]
[118, 300]
[119, 299]
[120, 300]
[121, 300]
[122, 301]
[122, 302]
[123, 303]
[124, 304]
[125, 305]
[125, 306]
[126, 307]
[126, 308]
[127, 309]
[127, 310]
[128, 311]
[129, 312]
[130, 313]
[131, 314]
[131, 315]
[131, 314]
[130, 313]
[129, 312]
[128, 311]
[128, 310]
[127, 309]
[126, 308]
[126, 307]
[125, 306]
[125, 305]
[124, 304]
[124, 303]
[123, 302]
[122, 301]
[121, 300]
[120, 300]
[119, 299]
[118, 298]
[118, 297]
[117, 296]
[117, 295]
[117, 294]
[116, 293]
[116, 292]
[115, 291]
[115, 290]
[115, 289]
[114, 288]
[114, 287]
[114, 286]
[113, 285]
[113, 284]
[113, 283]
[112, 282]
[112, 281]
[112, 280]
[111, 279]
[111, 278]
[111, 277]
[110, 276]
[110, 275]
[110, 274]
[109, 273]
[109, 272]
[109, 271]
[108, 270]
[108, 269]
[108, 268]
[108, 267]
[108, 266]
[107, 265]
[107, 264]
[107, 263]
[107, 262]
[107, 261]
[107, 260]
[107, 259]
[107, 258]
[107, 257]
[107, 256]
[107, 255]
[107, 254]
[107, 253]
[106, 252]
[106, 251]
[106, 250]
[106, 249]
[106, 248]
[106, 247]
[106, 246]
[106, 245]
[106, 244]
[106, 243]
[106, 242]
[106, 241]
[105, 240]
[105, 239]
[105, 238]
[105, 237]
[105, 236]
[105, 235]
[105, 234]
[105, 233]
