[233, 186]
[233, 187]
[234, 188]
[235, 188]
[236, 188]
[237, 188]
[238, 188]
[239, 188]
[240, 187]
[241, 187]
[242, 187]
[243, 187]
[244, 187]
[245, 187]
[246, 188]
[245, 189]
[244, 190]
[243, 191]
[242, 192]
[241, 192]
[240, 192]
[241, 192]
[242, 192]
[243, 191]
[244, 191]
[245, 190]
[245, 189]
[246, 188]
[247, 187]
[248, 187]
[249, 186]
[250, 186]
[251, 186]
[252, 187]
[252, 188]
[252, 189]
[252, 190]
[253, 190]
[254, 190]
[255, 191]
[256, 191]
[257, 191]
[258, 191]
[259, 191]
[260, 191]
[261, 191]
[262, 191]
[263, 190]
[264, 191]
[265, 192]
[266, 192]
[267, 192]
[266, 192]
[265, 192]
[264, 191]
[263, 190]
[263, 189]
[263, 188]
[264, 187]
[265, 187]
[266, 187]
[267, 187]
[268, 187]
[269, 188]
[270, 188]
[271, 188]
[272, 189]
[273, 189]
[274, 190]
[275, 190]
[276, 191]
[277, 192]
[278, 193]
[279, 193]
[280, 193]
[281, 193]
[282, 193]
[283, 193]
[284, 193]
[285, 192]
[286, 192]
[287, 191]
[288, 190]
[289, 189]
[289, 188]
[289, 189]
[288, 190]
[287, 191]
[286, 191]
[285, 192]
[284, 193]
[283, 193]
[282, 193]
[281, 193]
[280, 193]
[279, 193]
[278, 192]
[277, 191]
[276, 191]
[275, 190]
[274, 189]
[273, 189]
[272, 189]
[271, 188]
[270, 188]
[269, 188]
[268, 187]
[267, 187]
[266, 187]
[265, 187]
[264, 187]
[263, 187]
[262, 187]
[261, 187]
[260, 186]
[259, 186]
[258, 186]
[257, 186]
[256, 186]
[255, 186]
[254, 186]
[253, 186]
[252, 186]
[251, 186]
[250, 186]
[249, 186]
[248, 187]
[247, 187]
[246, 187]
[245, 187]
[244, 187]
[243, 187]
[242, 187]
[241, 187]
[240, 187]
[239, 188]
[238, 188]
[237, 188]
[236, 188]
[235, 188]
[234, 188]
