[209, 188]
[209, 189]
[208, 190]
[207, 191]
[207, 192]
[207, 193]
[206, 194]
[206, 195]
[205, 196]
[205, 197]
[204, 198]
[203, 199]
[203, 200]
[202, 201]
[202, 202]
[201, 203]
[200, 204]
[200, 205]
[199, 206]
[198, 207]
[197, 208]
[196, 209]
[195, 210]
[194, 211]
[193, 212]
[192, 212]
[191, 213]
[190, 214]
[189, 214]
[188, 215]
[187, 216]
[186, 216]
[185, 216]
[184, 217]
[183, 217]
[182, 217]
[181, 217]
[180, 217]
[179, 217]
[178, 217]
[177, 217]
[176, 217]
[175, 217]
[174, 217]
[173, 218]
[172, 218]
[171, 218]
[170, 218]
[169, 218]
[168, 218]
[167, 218]
[166, 218]
[165, 217]
[164, 217]
[163, 217]
[162, 217]
[161, 217]
[160, 217]
[159, 217]
[158, 217]
[157, 216]
[156, 216]
[155, 216]
[154, 216]
[153, 215]
[152, 215]
[151, 215]
[150, 215]
[149, 214]
[148, 214]
[147, 214]
[146, 213]
[145, 213]
[144, 212]
[143, 212]
[142, 211]
[141, 211]
[140, 210]
[139, 210]
[138, 209]
[137, 208]
[136, 207]
[135, 206]
[134, 205]
[134, 204]
[133, 203]
[133, 202]
[133, 201]
[133, 200]
[132, 199]
[132, 198]
[132, 197]
[132, 196]
[131, 195]
[132, 194]
[132, 193]
[132, 192]
[132, 193]
[132, 194]
[131, 195]
[131, 196]
[132, 197]
[132, 198]
[132, 199]
[132, 200]
[133, 201]
[133, 202]
[133, 203]
[134, 204]
[134, 205]
[135, 206]
[135, 207]
[136, 208]
[137, 209]
[138, 210]
[139, 210]
[140, 211]
[141, 211]
[142, 212]
[143, 212]
[144, 213]
[145, 213]
[146, 214]
[147, 214]
[148, 214]
[149, 215]
[150, 215]
[151, 215]
[152, 215]
[153, 216]
[154, 216]
[155, 216]
[156, 216]
[157, 216]
[158, 217]
[159, 217]
[160, 217]
[161, 217]
[162, 217]
[163, 217]
[164, 217]
[165, 217]
[166, 218]
[167, 218]
[168, 218]
[169, 218]
[170, 218]
[171, 218]
[172, 218]
[173, 218]
[174, 217]
[175, 217]
[176, 217]
[177, 217]
[178, 217]
[179, 217]
[180, 217]
[181, 217]
[182, 217]
[183, 217]
[184, 217]
[185, 216]
[186, 216]
[187, 216]
[188, 215]
[189, 215]
[190, 214]
[191, 213]
[192, 213]
[193, 212]
[194, 211]
[195, 211]
[196, 210]
[197, 209]
[198, 208]
[199, 207]
[200, 206]
[200, 205]
[201, 204]
[202, 203]
[202, 202]
[203, 201]
[203, 200]
[204, 199]
[204, 198]
[205, 197]
[205, 196]
[206, 195]
[206, 194]
[207, 193]
[207, 192]
[208, 191]
[208, 190]
