128.758 192.484 150.108
128.407 189.374 146.267
145.87 196.215 105.971
144.605 200.753 99.8952
141.267 192.771 98.2004
180.018 161.776 101.363
115.938 198.197 99.2608
122.177 200.236 99.5821
96.6777 179.924 64.3355
90.8325 175.154 68.1315
87.8739 142.541 77.9924
128.551 145.929 65.4535
115.111 142.492 72.4956
107.693 137.864 76.8348
112.763 139.352 73.8911
170.419 108.734 94.6235
201.081 101.939 106.444
187.644 102.492 104.28
186.605 96.9493 193.045
144.29 96.2921 118.448
162.953 76.8531 147.204
159.322 79.429 144.474
189.092 73.2235 189.439
198.628 74.8508 195.463
194.279 66.2626 159.506
219.332 105.293 125.975
219.033 116.596 188.205
212.234 113.981 200.153
220.211 113.241 207.332
217.168 116.966 158.768
226.249 116.804 160.147
230.557 104.231 179.125
68.5219 145.5 158.626
106.205 178.618 178.552
104.406 180.206 172.797
191.05 129.414 201.914
122.782 191.682 183.666
142.91 175.523 189.717
153.207 169.869 192.605
178.164 142.789 199.699
208.451 133.792 203.672
217.907 121.21 166.003
201.185 134.874 155.818
188.298 138.187 135.602
193.219 127.906 121.381
178.048 126.105 124.274
23.1838 128.575 123.938
