107.196 208.918 116.245
109.492 203.348 118.286
132.644 196.579 153.133
128.902 200.244 160.484
129.821 187.812 159.468
177.409 151.892 152.756
92.9504 199.157 164.17
97.1777 203.33 165.247
87.3905 142.576 188.39
82.4002 138.91 183.948
69.5931 90.4403 179.91
104.822 78.3682 197.119
95.4387 86.7526 187.058
83.2948 77.4554 185.164
86.1821 73.291 189.46
136.629 50.9361 175.977
177.342 66.3745 160.01
160.85 62.4255 163.123
164.911 122.751 58.4846
108.99 57.4359 151.936
120.305 49.8127 127.201
119.656 54.836 128.409
157.235 89.1667 70.001
167.739 95.2288 59.4113
149.944 44.4438 114.789
206.554 95.7371 134.405
206.948 143.185 63.9042
195.431 145.005 44.998
201.949 147.682 32.4113
208.704 131.324 97.1513
218.619 131.991 95.3199
218.26 125.664 75.9776
61.3942 153.96 101.133
84.5606 196.698 85.4177
83.2416 196.95 93.6055
173.252 161.466 38.5905
92.1419 217.26 84.7659
123.469 199.496 66.2908
134.607 195.614 59.142
160.87 173.262 42.6249
193.637 167.033 40.2722
209.807 139.452 88.9162
194.941 149.944 99.1838
183.059 144.08 119.41
186.326 123.721 134.783
169.916 123.397 132.006
25.4053 126.045 131.327
