82.3937 195.982 131.56
86.8036 191.082 132.891
123.127 180.119 175.349
120.834 181.96 185.551
124.596 171.873 181.385
179.373 143.506 164.782
86.4364 180.411 189.961
89.8855 183.622 192.339
103.442 130.043 207.787
97.9435 127.835 201.345
96.3973 89.0392 185.143
140.366 76.1512 204.227
125.507 84.8117 193.48
115.152 77.3786 188.926
120.514 73.2477 193.401
172.35 57.3092 171.223
203.772 72.4237 154.559
189.366 68.721 157.615
143.481 134.766 38.7781
135.134 66.4392 142.357
140.274 64.315 109.218
138.747 68.07 111.831
148.288 105.555 45.7225
153.799 112.274 33.6956
167.274 61.941 92.2809
217.079 100.513 128.914
181.993 150.87 50.2768
163.804 155.28 26.7221
165.529 159.356 12.0349
197.74 135.554 89.6609
206.826 136.439 87.5057
201.731 134.379 61.6588
45.8394 153.631 99.885
52.7933 190.974 89.71
54.0986 189.908 100.082
135.276 169.728 22.3724
54.8115 208.013 93.5238
84.7151 196.336 66.0825
94.5482 194.301 56.1093
121.139 178.844 30.2177
154.766 174.049 25.7715
194 143.692 81.1078
179.869 150.662 96.4663
176.126 142.437 120.71
189.775 123.54 135.601
172.418 123.735 131.989
26.8328 126.178 132.078
