125.232 90.9167 92.2724
126.011 94.1125 98.4388
152.681 114.637 181.224
151.734 109.202 188.974
148.381 112.86 188.968
180.701 168.899 231.98
117.967 73.0323 156.026
123.538 76.2796 162.122
99.1204 76.6417 192.991
92.332 72.9708 180.493
63.7498 70.9427 162.681
96.6623 106.689 229.772
88.531 96.7482 202.847
73.564 86.7812 187.005
75.8074 90.0188 197.426
113.897 146.817 231.481
154.434 186.158 248.055
138.08 170.113 236.105
140.852 173.737 65.1642
85.0123 120.639 161.631
88.4252 136.502 133.669
89.666 134.624 134.682
125.028 171.855 77.6676
134.882 182.331 71.3921
112.417 168.763 145.919
186.682 212.16 236.955
188.493 210.789 118.679
174.386 201.095 74.9628
178.96 208.521 61.224
192.898 211.202 175.859
202.148 221.215 183.482
195.945 224.405 151.792
60.9453 58.5566 20.6934
93.7132 74.513 17.6006
94.1598 72.1489 29.6164
157.38 176.201 39.3495
107.389 77.7609 23.5823
127.825 115.09 28.4342
135.724 127.912 29.0456
150.231 160.84 31.8168
178.851 195.218 63.9781
194.918 211.49 163.064
186.215 193.209 163.159
176.995 180.156 183.854
176.541 185.9 213.828
160.315 169.974 191.419
23.7652 25.0664 32.7564
