54
142 100 155 87
162 85 140 107
142 110 167 85
172 85 143 114
145 117 179 83
184 83 146 121
147 125 189 83
194 83 148 129
146 136 198 84
203 84 146 141
150 142 207 85
210 87 153 144
156 146 213 89
219 88 161 146
167 145 224 88
229 88 169 148
125 197 133 189
174 148 231 91
236 91 178 149
137 190 126 201
127 205 141 191
183 149 239 93
242 95 187 150
145 192 128 209
129 213 149 193
192 150 245 97
249 98 195 152
152 195 130 217
132 220 156 196
199 153 252 100
255 102 204 153
161 196 135 222
140 222 164 198
167 195 167 195
208 154 258 104
261 106 213 154
163 204 147 220
196 176 199 173
219 153 264 108
266 111 224 153
203 174 196 181
196 186 205 177
229 153 267 115
269 118 234 153
206 181 195 192
193 194 192 195
189 203 206 186
239 153 268 124
267 130 244 153
207 190 189 208
190 210 207 193
247 153 267 133
265 140 252 153
209 196 192 213
193 217 210 200
257 153 265 145
266 149 261 154
211 204 194 221
194 226 212 208
265 155 267 153
214 211 196 229
198 232 210 220
212 218 212 218
212 223 204 231
