39
170 84 171 83
180 81 178 83
186 82 187 81
189 79 190 78
197 78 193 82
199 83 204 78
209 80 206 83
141 148 134 155
139 157 147 149
210 86 214 82
219 84 216 87
155 148 145 158
152 158 162 148
223 87 225 85
232 85 230 87
168 149 159 158
151 166 150 167
157 167 158 166
164 160 174 150
236 88 236 88
242 89 241 90
179 152 168 163
165 166 163 168
169 169 183 155
246 92 247 91
186 159 173 172
176 176 176 176
178 174 186 166
255 97 256 96
260 99 259 100
264 102 264 102
270 110 271 109
273 114 272 115
230 157 216 171
168 226 170 224
217 177 237 157
274 120 275 119
277 123 275 125
242 158 221 179
173 227 170 230
172 235 176 231
222 185 223 184
230 177 249 158
275 132 277 130
276 138 275 139
254 160 247 167
181 233 175 239
161 260 162 259
179 242 186 235
253 168 259 162
275 146 275 146
277 144 277 144
279 149 278 150
264 164 259 169
191 237 184 244
171 257 169 259
177 258 182 253
187 248 197 238
267 168 268 167
280 155 281 154
283 159 281 161
204 238 183 259
190 259 210 239
283 166 283 166
284 172 283 173
213 243 210 246
206 250 195 261
202 261 207 256
283 180 284 179
285 185 284 186
214 256 209 261
217 260 219 258
