56
146 73 106 113
104 122 160 66
172 61 101 132
100 140 136 104
157 83 181 59
189 58 164 83
130 117 99 148
100 154 129 125
172 82 198 56
204 57 181 80
111 150 99 162
100 168 112 156
188 80 188 80
191 77 210 58
217 58 198 77
106 169 103 172
102 180 105 177
205 77 223 59
228 61 210 79
103 193 104 192
215 81 232 64
237 66 220 83
226 84 241 69
245 72 233 84
237 87 249 75
253 78 243 88
248 90 256 82
260 85 252 93
257 95 263 89
266 93 261 98
265 101 270 96
273 100 269 104
272 108 276 104
278 109 274 113
276 118 281 113
283 117 278 122
278 129 286 121
288 126 277 137
278 143 290 131
290 138 280 148
282 153 290 145
291 151 284 158
284 165 290 159
289 167 285 171
285 178 286 177
