124 262 130 256
133 256 124 265
126 266 134 258
136 259 126 269
125 273 137 261
138 262 125 275
126 277 138 265
139 267 126 280
127 282 141 268
142 270 129 283
124 291 127 288
129 286 144 271
145 273 124 294
123 298 147 274
148 276 123 301
123 304 149 278
149 281 123 307
121 312 149 284
147 289 120 316
99 340 107 332
120 319 149 290
150 292 117 325
112 330 94 348
94 351 152 293
154 294 95 353
95 356 155 296
157 297 96 358
97 360 158 299
159 301 97 363
100 363 101 362
103 360 161 302
161 305 104 362
101 368 101 368
105 364 162 307
165 307 101 371
103 372 168 307
172 306 108 370
108 373 175 306
177 307 110 374
112 375 179 308
182 308 115 375
118 375 121 372
123 370 184 309
186 310 172 324
170 326 125 371
127 372 171 328
175 324 188 311
190 312 178 324
172 330 127 375
127 378 174 331
181 324 194 311
196 312 183 325
175 333 129 379
131 380 177 334
186 325 199 312
202 312 189 325
178 336 161 353
159 355 132 382
134 383 169 348
172 345 179 338
192 325 204 313
207 313 194 326
181 339 173 347
167 353 135 385
137 386 168 355
174 349 181 342
184 339 184 339
196 327 210 313
213 313 198 328
188 338 176 350
170 356 139 387
140 389 171 358
178 351 194 335
199 330 213 316
211 321 180 352
174 358 142 390
143 392 157 378
160 375 160 375
162 373 175 360
182 353 214 321
218 320 184 354
178 360 163 375
158 380 145 393
147 394 161 380
166 375 181 360
186 355 224 317
226 318 167 377
163 381 150 394
152 395 164 383
170 377 226 321
226 324 171 379
166 384 153 397
154 399 168 385
173 380 226 327
226 330 176 380
170 386 157 399
160 399 173 386
179 380 226 333
226 336 181 381
175 387 163 399
166 399 177 388
183 382 227 338
227 341 185 383
179 389 169 399
172 399 180 391
188 383 220 351
223 348 224 347
219 355 217 357
215 359 190 384
183 391 175 399
178 399 186 391
189 388 189 388
192 385 221 356
221 359 181 399
184 399 221 362
221 365 187 399
190 399 221 368
222 370 193 399
196 399 223 372
224 374 199 399
202 399 225 376
225 379 205 399
208 399 223 384
223 387 222 388
214 396 213 397
