187 246 187 246
221 215 220 216
190 246 187 249
186 253 193 246
220 219 224 215
225 217 221 221
196 246 186 256
189 256 199 246
208 237 209 236
222 223 226 219
228 220 224 224
212 236 208 240
201 247 191 257
193 258 204 247
211 240 216 235
222 229 229 222
230 224 196 258
201 256 230 227
232 228 204 256
207 256 208 255
213 250 223 240
227 236 233 230
234 232 228 238
223 243 217 249
220 249 223 246
228 241 235 234
236 236 229 243
226 246 222 250
225 250 226 249
230 245 237 238
239 239 232 246
234 247 241 240
242 242 235 249
237 250 244 243
245 245 240 250
241 252 246 247
249 247 243 253
246 253 249 250
