39
128 144 132 140
143 129 156 116
173 104 164 113
160 117 123 154
122 160 125 157
133 149 151 131
157 125 167 115
172 110 180 102
182 105 178 109
164 123 160 127
124 163 121 166
122 170 122 170
163 129 164 128
181 111 184 108
185 112 182 115
104 198 108 194
122 180 122 180
182 120 190 112
192 110 201 101
205 102 186 121
114 193 105 202
106 206 112 200
203 109 207 105
209 108 206 111
113 204 108 209
109 213 119 203
142 180 150 172
162 160 162 160
208 114 214 108
220 107 215 112
167 160 165 162
154 173 144 183
123 204 111 216
112 220 125 207
148 184 159 173
168 164 172 160
223 109 225 107
180 157 170 167
163 174 152 185
126 211 113 224
117 225 128 214
155 187 169 173
171 171 183 159
233 109 234 108
239 108 236 111
185 162 167 180
165 182 159 188
132 215 120 227
123 229 129 223
132 220 135 217
164 188 169 183
173 179 173 179
175 177 187 165
188 169 176 181
174 183 170 187
136 221 135 222
135 227 136 226
139 223 141 221
146 221 135 232
137 235 152 220
210 162 214 158
221 156 210 167
155 222 136 241
138 244 166 216
209 173 226 156
231 156 211 176
180 207 140 247
142 250 180 212
213 179 235 157
238 159 232 165
223 174 217 180
178 219 143 254
144 256 180 220
218 182 221 179
223 177 224 176
226 174 226 174
236 164 240 160
229 176 226 179
223 182 222 183
189 216 146 259
148 262 194 216
230 180 233 177
198 217 147 268
145 270 143 272
143 277 202 218
217 208 215 210
206 219 144 281
143 287 206 224
217 213 220 210
223 212 218 217
211 224 180 255
178 257 167 268
165 270 142 293
121 319 126 314
138 302 164 276
170 270 181 259
184 256 225 215
228 217 194 251
191 254 188 257
179 266 173 272
166 279 122 323
126 324 167 283
176 274 180 270
192 258 195 255
199 251 230 220
235 220 204 251
200 255 197 258
182 273 180 275
172 283 128 327
128 332 176 284
185 275 185 275
202 258 205 255
207 253 207 253
210 250 210 250
212 248 238 222
241 224 218 247
179 286 131 334
133 337 185 285
215 255 243 227
245 230 224 251
190 285 136 339
140 340 198 282
227 253 247 233
247 238 226 259
202 283 141 344
144 346 205 285
227 263 242 248
242 253 234 261
208 287 148 347
151 349 209 291
238 262 239 261
241 259 242 258
214 291 153 352
157 353 218 292
222 293 160 355
163 357 208 312
210 315 167 358
170 360 213 317
215 320 173 362
176 364 218 322
223 322 180 365
184 366 225 325
225 330 189 366
194 366 223 337
225 335 226 334
224 341 199 366
206 364 206 364
211 359 232 338
231 344 230 345
