40
126 156 132 150
152 130 156 126
168 114 171 111
177 110 165 122
159 128 125 162
123 169 162 130
165 127 180 112
181 116 123 174
123 179 181 121
185 122 129 178
126 181 125 182
131 181 169 143
180 132 187 125
169 148 145 172
143 174 134 183
137 185 141 181
151 171 161 161
163 159 172 150
175 152 168 159
164 163 155 172
143 184 141 186
146 186 147 185
160 172 167 165
173 159 180 152
183 154 181 156
169 168 164 173
151 186 150 187
153 189 154 188
170 172 170 172
184 158 188 154
193 154 186 161
158 189 157 190
161 191 163 189
170 182 172 180
174 178 174 178
188 164 199 153
204 153 189 168
169 188 164 193
167 195 210 152
215 152 172 195
178 194 195 177
197 175 209 163
215 157 219 153
223 154 222 155
209 168 203 174
193 184 179 198
167 215 193 189
206 176 208 174
227 155 229 153
210 177 209 178
194 193 181 206
181 211 194 198
211 181 212 180
216 181 212 185
191 206 179 218
181 219 191 209
214 186 217 183
222 178 222 178
221 184 216 189
191 214 190 215
195 215 196 214
219 191 228 182
234 181 225 190
200 215 199 216
203 217 203 217
230 190 232 188
236 189 235 190
209 221 211 219
