41
128 179 127 180
125 187 130 182
170 142 179 133
188 124 202 110
205 112 184 133
182 135 170 147
133 184 125 192
125 197 136 186
173 149 207 115
214 113 176 151
140 187 125 202
126 206 145 187
181 151 222 110
230 107 184 153
149 188 127 210
129 213 152 190
189 153 232 110
235 112 194 153
156 191 133 214
130 222 131 221
136 216 160 192
200 152 244 108
247 110 205 152
163 194 137 220
134 223 130 227
133 229 134 228
137 225 138 224
142 220 166 196
211 151 249 113
250 117 216 151
171 196 147 220
136 236 136 236
153 219 177 195
196 176 196 176
220 152 254 118
255 122 224 153
202 175 194 183
174 203 162 215
160 217 156 221
194 188 205 177
230 152 256 126
257 130 233 154
208 179 195 192
195 197 210 182
236 156 258 134
258 139 239 158
231 166 224 173
211 186 192 205
192 208 213 187
225 175 225 175
227 173 235 165
241 159 258 142
261 144 232 173
215 190 192 213
197 213 218 192
229 181 229 181
234 176 261 149
263 152 235 180
222 193 201 214
204 216 229 191
233 187 263 157
265 160 237 188
234 191 218 207
214 211 208 217
207 223 208 222
212 218 216 214
221 209 266 164
267 168 224 211
217 218 215 220
213 222 212 223
118 317 112 323
112 328 120 320
127 313 129 311
165 275 169 271
226 214 267 173
267 178 229 216
172 273 167 278
121 324 113 332
113 337 125 325
168 282 175 275
231 219 267 183
266 189 236 219
179 276 173 282
127 328 114 341
114 346 118 342
122 338 127 333
177 283 184 276
239 221 266 194
272 193 271 194
266 199 242 223
190 275 180 285
130 335 125 340
120 345 116 349
117 353 120 350
126 344 132 338
186 284 195 275
206 264 214 256
244 226 266 204
272 198 273 197
274 201 272 203
269 206 246 229
223 252 209 266
200 275 191 284
135 340 128 347
123 352 119 356
120 360 124 356
131 349 139 341
199 281 206 274
212 268 226 254
248 232 275 205
275 210 248 237
223 262 203 282
140 345 135 350
125 360 121 364
123 367 123 367
125 365 126 364
138 352 143 347
206 284 226 264
243 247 255 235
259 231 263 227
266 229 264 231
258 237 243 252
233 262 209 286
147 348 140 355
146 354 150 350
210 290 237 263
240 260 240 260
243 257 255 245
251 254 215 290
152 353 149 356
153 357 156 354
219 291 247 263
246 269 223 292
159 356 156 359
159 361 162 358
209 311 245 275
245 280 211 314
166 359 163 362
166 364 169 361
214 316 246 284
247 288 216 319
172 363 170 365
173 367 175 365
219 321 247 293
247 298 224 321
179 366 178 367
182 368 183 367
226 324 248 302
249 306 226 329
188 367 186 369
190 370 193 367
224 336 224 336
227 333 251 309
252 313 225 340
198 367 196 369
200 370 205 365
207 363 210 360
233 337 255 315
258 317 232 343
229 346 227 348
223 352 205 370
212 368 260 320
264 321 225 360
235 355 267 323
269 326 267 328
