56
113 109 150 72
158 69 110 117
108 124 108 124
110 122 166 66
172 65 110 127
109 133 178 64
184 63 105 142
104 148 187 65
194 63 105 152
105 157 199 63
204 63 105 162
105 167 105 167
107 165 127 145
133 139 142 130
157 115 208 64
213 64 174 103
163 114 161 116
122 155 107 170
109 173 121 161
181 101 217 65
221 66 183 104
120 167 112 175
109 183 121 171
185 107 225 67
229 68 186 111
121 176 110 187
109 193 121 181
191 111 191 111
202 100 231 71
235 72 206 101
123 184 115 192
113 199 124 188
208 104 238 74
239 78 210 107
124 193 114 203
120 202 124 198
215 107 242 80
245 82 221 106
226 106 248 84
251 86 232 105
235 107 255 87
256 91 240 107
245 107 258 94
261 96 248 109
250 112 264 98
266 101 251 116
255 117 267 105
269 108 256 121
29 348 24 353
22 360 34 348
257 125 270 112
272 115 258 129
43 344 22 365
21 371 50 342
259 133 274 118
276 121 259 138
56 341 20 377
20 380 60 340
259 141 276 124
277 128 262 143
68 337 20 385
20 390 77 333
262 148 278 132
280 135 264 151
84 331 20 395
21 399 91 329
264 156 279 141
280 145 266 159
101 324 26 399
31 399 108 322
267 163 280 150
282 153 268 167
109 326 36 399
41 399 110 330
268 172 281 159
281 164 268 177
111 334 46 399
51 399 112 338
268 182 281 169
277 178 267 188
113 342 56 399
61 399 113 347
267 193 277 183
270 195 267 198
115 350 66 399
71 399 116 354
267 203 271 199
271 204 270 205
118 357 76 399
81 399 119 361
120 365 86 399
91 399 122 368
123 372 96 399
101 399 124 376
126 379 106 399
111 399 128 382
129 386 116 399
121 399 131 389
134 391 126 399
131 399 136 394
137 398 136 399
279 331 281 329
285 330 278 337
275 345 289 331
292 333 275 350
273 357 296 334
299 336 271 364
269 371 303 337
307 338 267 378
258 392 311 339
315 340 256 399
261 399 319 341
323 342 266 399
271 399 325 345
327 348 276 399
281 399 330 350
333 352 286 399
291 399 336 354
339 356 296 399
301 399 342 358
342 363 306 399
311 399 337 373
336 379 316 399
321 399 337 383
336 389 326 399
331 399 338 392
