54
1 371 3 369
14 363 1 376
1 381 21 361
21 366 1 386
1 391 20 372
19 378 1 396
1 399 19 381
19 386 6 399
11 399 19 391
19 396 16 399
119 341 121 339
124 341 121 344
121 349 125 345
127 348 124 351
125 355 130 350
134 351 126 359
124 366 124 366
127 363 137 353
139 356 124 371
125 375 145 355
148 357 127 378
129 381 152 358
155 360 130 385
132 388 158 362
162 363 135 390
137 393 165 365
169 366 138 397
141 399 172 368
177 368 146 399
151 399 181 369
249 301 250 300
251 304 250 305
185 370 156 399
161 399 189 371
252 308 252 308
254 311 253 312
195 370 166 399
171 399 199 371
256 314 256 314
260 315 259 316
204 371 176 399
181 399 211 369
261 319 263 317
224 361 186 399
191 399 234 356
268 322 268 322
271 324 270 325
266 329 196 399
201 399 275 325
277 328 206 399
211 399 277 333
277 338 216 399
221 399 274 346
274 351 226 399
231 399 272 358
270 365 236 399
241 399 268 372
266 379 246 399
251 399 257 393
338 372 347 363
350 365 337 378
338 382 353 367
356 369 337 388
339 391 359 371
362 373 337 398
341 399 365 375
368 377 346 399
351 399 371 379
374 381 356 399
361 399 376 384
378 387 366 399
371 399 381 389
383 392 376 399
381 399 384 396
