39
168 107 167 108
159 116 140 135
135 140 124 151
122 160 125 157
133 149 151 131
157 125 167 115
172 110 180 102
183 106 180 109
164 125 161 128
123 166 122 167
122 174 122 174
182 114 184 112
202 101 183 120
111 192 104 199
106 204 112 198
194 116 194 116
202 108 207 103
209 108 206 111
113 204 108 209
109 215 121 203
143 181 151 173
163 161 164 160
209 115 217 107
224 107 222 109
171 160 168 163
159 172 148 183
125 206 112 219
115 223 127 211
152 186 164 174
171 167 180 158
231 107 232 106
236 109 235 110
185 160 158 187
132 213 131 214
129 216 118 227
123 229 129 223
132 220 135 217
164 188 169 183
173 179 173 179
175 177 187 165
184 175 180 179
178 181 172 187
135 231 145 221
216 157 209 164
153 220 137 236
137 243 163 217
210 170 224 156
231 156 211 176
180 207 140 247
142 252 178 216
215 179 215 179
217 177 223 171
226 168 236 158
240 160 236 164
224 176 223 177
221 179 218 182
180 220 144 256
147 260 191 216
227 180 227 180
229 178 231 176
197 217 147 267
143 278 202 219
219 209 217 211
206 222 144 284
142 293 165 270
167 268 178 257
180 255 211 224
214 221 214 221
218 217 223 212
226 216 185 257
182 260 171 271
165 277 136 306
130 312 121 321
125 324 167 282
176 273 180 269
192 257 194 255
198 251 230 219
235 221 205 251
201 255 198 258
182 274 181 275
173 283 128 328
130 333 178 285
188 275 189 274
206 257 208 255
215 248 239 224
243 227 215 255
185 285 133 337
138 339 192 285
226 251 246 231
247 237 226 258
201 283 141 343
144 347 206 285
228 263 243 248
242 256 237 261
208 290 149 349
153 352 214 291
220 292 158 354
162 357 209 310
214 305 215 304
211 315 167 359
172 361 215 318
218 322 176 364
182 365 224 323
225 329 188 366
194 367 223 338
226 335 226 335
229 339 202 366
224 351 224 351
226 349 226 349
230 345 231 344
