40
126 156 132 150
152 130 156 126
168 114 171 111
179 110 165 124
160 129 124 165
123 173 181 115
182 121 123 180
129 181 129 181
132 178 169 141
171 139 173 137
179 131 193 117
169 148 145 172
143 174 134 183
138 186 142 182
152 172 162 162
165 159 173 151
179 152 172 159
167 164 160 171
147 184 145 186
151 187 151 187
165 173 170 168
181 157 184 154
191 154 186 159
157 188 156 189
161 191 163 189
170 182 172 180
174 178 174 178
188 164 199 153
207 152 189 170
187 172 185 174
171 188 165 194
172 194 214 152
220 153 217 156
208 165 199 174
194 179 178 195
164 216 167 213
171 209 192 188
205 175 209 171
225 155 227 153
210 177 209 178
194 193 181 206
179 215 194 200
212 182 214 180
216 178 216 178
217 183 214 186
191 209 181 219
192 215 193 214
218 189 226 181
232 182 224 190
199 215 198 216
203 218 204 217
231 190 233 188
209 219 207 221
