41
124 186 128 182
130 180 131 179
170 140 170 140
174 136 178 132
195 115 201 109
205 112 184 133
182 135 170 147
133 184 125 192
125 199 137 187
174 150 208 116
221 110 220 111
218 113 180 151
144 187 126 205
128 210 150 188
185 153 230 108
234 111 192 153
155 190 133 212
130 222 131 221
136 216 160 192
200 152 244 108
248 111 208 151
164 195 132 227
134 232 134 232
146 220 171 195
215 151 250 116
254 119 221 152
198 175 195 178
177 196 154 219
168 212 170 210
193 187 204 176
228 152 256 124
257 130 233 154
208 179 195 192
195 199 211 183
224 170 225 169
237 157 258 136
258 142 241 159
235 165 227 173
213 187 192 208
194 213 217 190
228 179 228 179
232 175 261 146
263 151 233 181
221 193 200 214
205 216 230 191
234 187 264 157
266 162 220 208
216 212 210 218
112 323 118 317
166 269 166 269
212 223 213 222
215 220 217 218
224 211 267 168
267 175 227 215
170 272 166 276
135 307 134 308
132 310 131 311
120 322 112 330
113 336 124 325
168 281 175 274
231 218 267 182
266 190 236 220
180 276 174 282
127 329 118 338
116 340 114 342
115 348 119 344
124 339 129 334
179 284 187 276
240 223 266 197
273 197 272 198
266 204 244 226
214 256 206 264
195 275 186 284
132 338 126 344
120 350 117 353
119 358 124 353
129 348 137 340
193 284 203 274
210 267 225 252
247 230 275 202
275 209 248 236
225 259 202 282
140 344 134 350
125 359 121 363
123 368 123 368
125 366 127 364
138 353 143 348
207 284 227 264
244 247 256 235
260 231 264 227
255 243 243 255
236 262 209 289
148 350 145 353
143 355 142 356
149 356 152 353
215 290 251 254
255 250 255 250
247 265 221 291
157 355 154 358
158 361 161 358
210 309 213 306
216 303 245 274
246 280 212 314
166 360 164 362
168 365 171 362
216 317 246 287
247 293 219 321
175 365 173 367
180 367 181 366
225 322 248 299
249 305 226 328
187 367 185 369
191 370 193 368
224 337 225 336
227 334 251 310
254 314 232 336
201 367 198 370
205 370 223 352
225 350 225 350
227 348 229 346
232 343 258 317
262 320 216 366
231 358 266 323
270 326 269 327
