54
4 369 1 372
1 379 19 361
21 366 1 386
1 393 20 374
19 381 1 399
8 399 19 388
19 395 15 399
120 343 123 340
125 345 121 349
125 352 128 349
133 351 126 358
124 367 124 367
128 363 137 354
141 357 125 373
127 378 148 357
153 359 129 383
131 388 157 362
163 363 135 391
138 395 167 366
172 368 141 399
148 399 179 368
249 298 250 297
251 303 250 304
184 370 155 399
162 399 190 371
252 309 252 309
197 371 169 399
176 399 204 371
259 316 260 315
264 318 263 319
215 367 183 399
190 399 230 359
267 322 268 321
272 324 271 325
268 328 197 399
204 399 276 327
277 333 211 399
218 399 276 341
274 350 225 399
232 399 272 359
271 367 239 399
246 399 266 379
259 393 258 394
255 397 253 399
347 361 343 365
337 378 350 365
354 368 338 384
337 392 358 371
363 373 337 399
344 399 367 376
371 379 351 399
358 399 375 382
378 386 365 399
372 399 381 390
383 395 379 399
