56
143 76 134 85
130 89 124 95
112 114 157 69
167 66 109 124
109 131 176 64
184 63 105 142
105 149 191 63
198 63 105 156
105 163 205 63
210 65 169 106
166 109 160 115
139 136 136 139
123 152 107 168
109 173 121 161
181 101 217 65
223 66 184 105
121 168 112 177
111 185 121 175
185 111 228 68
233 70 203 100
121 182 112 191
113 197 123 187
208 102 236 74
239 78 210 107
124 193 114 203
122 202 124 200
218 106 244 80
247 84 225 106
233 105 252 86
255 90 237 108
245 107 258 94
262 97 249 110
251 115 266 100
267 106 255 118
23 357 32 348
257 123 269 111
272 115 258 129
43 344 22 365
21 373 52 342
259 135 274 120
276 124 259 141
60 340 20 380
20 387 72 335
262 145 277 130
279 135 264 150
83 331 20 394
22 399 93 328
265 156 279 142
280 148 267 161
104 324 29 399
36 399 109 326
268 167 282 153
281 161 268 174
110 332 43 399
50 399 112 337
268 181 281 168
277 179 267 189
113 343 57 399
64 399 114 349
267 196 276 187
271 199 267 203
116 354 71 399
78 399 118 359
120 364 85 399
92 399 122 369
124 374 99 399
106 399 126 379
128 384 113 399
120 399 130 389
134 392 127 399
134 399 137 396
281 329 279 331
277 340 287 330
292 332 275 349
273 358 297 334
301 337 272 366
267 378 307 338
313 339 260 392
257 395 256 396
260 399 318 341
323 343 267 399
274 399 327 346
330 350 281 399
288 399 334 353
338 356 295 399
302 399 343 358
342 366 309 399
316 399 336 379
337 385 323 399
330 399 336 393
