145 282 150 277
154 276 145 285
144 289 157 276
159 277 144 292
143 296 159 280
161 281 142 300
142 303 163 282
165 283 140 308
138 313 166 285
168 286 138 316
139 318 171 286
173 287 141 319
144 319 175 288
178 288 147 319
148 321 181 288
186 286 148 324
146 329 189 286
190 288 183 295
181 297 146 332
149 332 182 299
186 295 193 288
196 288 189 295
184 300 149 335
150 337 186 301
192 295 199 288
202 288 195 295
186 304 151 339
150 343 188 305
198 295 205 288
207 289 201 295
189 307 150 346
152 347 191 308
204 295 209 290
212 290 207 295
194 308 153 349
154 351 197 308
210 295 214 291
217 291 213 295
207 301 205 303
203 305 156 352
158 353 220 291
222 292 160 354
162 355 223 294
219 301 164 356
166 357 210 313
211 315 168 358
170 359 212 317
214 318 173 359
174 361 216 319
218 320 176 362
179 362 220 321
223 321 181 363
183 364 226 321
226 324 186 364
188 365 226 327
226 330 191 365
194 365 226 333
226 336 198 364
201 364 228 337
228 340 208 360
220 351 229 342
