185 64
180 66
170 66
161 69
157 72
153 72
143 78
121 100
115 108
111 118
106 148
107 168
111 178
107 183
107 187
105 190
105 202
107 213
116 226
121 228
126 226
130 228
126 226
126 219
122 213
116 210
121 212
122 215
125 217
127 225
121 228
114 224
107 212
105 202
105 190
107 187
107 183
111 179
116 185
120 187
120 194
118 196
121 196
124 209
124 205
120 194
119 159
120 154
124 147
127 145
125 145
124 143
125 146
120 154
119 159
119 186
116 185
110 177
107 168
106 157
107 139
110 125
112 122
115 122
111 121
115 108
142 79
153 72
157 72
170 66
180 66
186 64
206 64
221 67
236 73
264 101
272 117
279 142
278 146
280 152
280 170
275 182
270 185
269 165
263 149
259 117
261 110
260 109
261 112
259 117
259 123
262 133
263 149
269 165
270 186
268 191
266 217
263 222
263 229
268 231
270 230
268 231
263 229
263 222
266 217
269 187
271 184
275 183
279 175
280 152
278 146
278 137
274 127
274 123
264 100
254 91
248 83
245 82
235 72
213 65
