39
125 152 117 160
116 166 131 151
135 152 115 172
118 174 140 152
162 135 155 142
145 152 121 176
118 184 118 184
123 179 150 152
159 143 166 136
165 142 164 143
155 152 119 188
104 208 107 205
119 193 159 153
167 145 168 144
172 145 171 146
163 154 149 168
139 178 120 197
113 204 106 211
107 215 144 178
147 175 150 172
157 165 168 154
174 148 175 147
179 148 177 150
173 154 162 165
150 177 109 218
110 222 152 180
164 168 164 168
167 165 181 151
184 153 171 166
169 168 167 170
157 180 113 224
117 225 162 180
171 171 173 169
176 166 187 155
190 157 181 166
178 169 174 173
168 179 119 228
120 232 173 179
177 175 193 159
196 161 121 236
121 241 191 171
196 166 199 163
220 147 203 164
194 173 122 245
123 249 197 175
207 165 227 145
234 143 205 172
202 175 199 178
194 183 124 253
125 257 193 189
205 177 238 144
241 146 218 169
210 177 206 181
195 192 126 261
127 265 198 194
207 185 211 181
222 170 222 170
224 168 234 158
240 152 240 152
236 161 230 167
213 184 210 187
193 204 128 269
129 271 192 208
212 188 212 188
234 166 240 160
241 164 240 165
190 215 131 274
132 278 192 218
194 221 135 280
137 283 197 223
201 224 139 286
141 289 166 264
168 262 203 227
207 228 174 261
169 266 141 294
141 299 173 267
191 249 211 229
220 220 224 216
215 230 192 253
177 268 176 269
173 272 141 304
141 309 176 274
181 269 181 269
195 255 197 253
205 245 222 228
200 255 196 259
179 276 141 314
141 319 181 279
204 256 204 256
185 280 134 331
130 340 130 340
132 338 188 282
191 284 130 345
130 350 196 284
201 284 131 354
131 359 210 280
216 274 221 269
229 261 229 261
229 266 227 268
223 272 176 319
171 324 133 362
133 367 175 325
180 320 217 283
232 268 232 268
220 285 184 321
177 328 135 370
137 373 181 329
188 322 200 310
215 295 222 288
202 313 194 321
183 332 141 374
142 378 188 332
199 321 206 314
211 314 206 319
191 334 145 380
149 381 196 334
212 318 217 313
201 334 151 384
153 387 206 334
213 332 156 389
161 389 225 325
236 319 165 390
169 391 222 338
223 342 174 391
179 391 224 346
226 349 184 391
189 391 208 372
211 369 226 354
217 368 214 371
210 375 196 389
205 385 211 379
