41
173 134 168 139
169 143 176 136
183 134 173 144
176 146 187 135
193 134 180 147
182 150 193 139
195 137 197 135
202 135 185 152
188 154 206 136
214 133 191 156
194 158 210 142
216 136 219 133
224 133 222 135
213 144 197 160
192 170 195 167
200 162 217 145
227 135 227 135
222 145 221 146
202 165 195 172
198 174 206 166
204 173 203 174
198 179 195 182
194 188 204 178
217 170 211 176
205 182 196 191
199 193 199 193
205 187 205 187
212 180 221 171
223 169 223 169
223 174 214 183
206 191 204 193
200 197 194 203
193 207 199 201
205 195 207 193
215 185 223 177
227 178 218 187
208 197 206 199
198 207 191 214
193 217 196 214
207 203 210 200
223 187 232 178
237 178 228 187
211 204 209 206
196 219 195 220
198 222 199 221
211 209 212 208
220 200 220 200
222 198 222 198
231 189 238 182
242 183 237 188
224 201 221 204
215 210 212 213
203 222 202 223
204 226 205 225
214 216 228 202
245 185 245 185
231 204 217 218
210 225 208 227
212 228 213 227
218 222 219 221
225 215 232 208
233 212 223 222
221 224 220 225
217 228 216 229
198 252 204 246
223 227 236 214
239 216 225 230
223 232 222 233
226 234 242 218
246 219 228 237
230 240 249 221
252 223 233 242
236 244 255 225
257 228 237 248
241 249 255 235
247 248 245 250
