56
139 52 125 66
107 91 147 51
155 50 102 103
102 110 164 48
174 45 98 121
97 129 180 46
188 45 98 135
98 142 196 44
203 44 98 149
99 155 211 43
216 45 102 159
103 165 222 46
227 48 103 172
108 174 115 167
132 150 232 50
239 50 215 74
207 82 138 151
115 174 108 181
109 187 119 177
145 151 154 142
161 135 211 85
221 75 244 52
249 54 224 79
218 85 216 87
213 90 168 135
159 144 152 151
122 181 121 182
118 185 110 193
112 198 118 192
159 151 165 145
176 134 219 91
229 81 253 57
257 60 237 80
222 95 184 133
170 147 164 153
148 169 140 177
119 198 114 203
151 173 158 166
171 153 174 150
189 135 226 98
240 84 243 81
245 79 260 64
264 67 248 83
229 102 194 137
165 166 152 179
159 179 167 171
171 167 171 167
204 134 238 100
254 84 267 71
271 74 257 88
239 106 212 133
178 167 177 168
172 173 167 178
174 178 176 176
220 132 245 107
264 88 274 78
275 84 266 93
251 108 241 118
238 121 226 133
244 122 254 112
272 94 274 92
262 111 253 120
255 125 264 116
269 118 257 130
260 134 273 121
274 126 262 138
265 142 275 132
276 138 269 145
275 146 280 141
283 145 277 151
170 265 173 262
278 157 286 149
285 157 280 162
191 251 176 266
181 268 194 255
281 168 285 164
196 260 187 269
194 269 205 258
211 259 201 269
208 269 216 261
221 263 217 267
170 321 171 320
224 267 227 264
177 321 175 323
178 327 183 322
189 323 183 329
188 331 197 322
206 320 193 333
200 333 214 319
217 323 207 333
216 331 227 320
