14
1 393 14 380
16 378 16 378
28 372 1 399
8 399 45 362
56 358 15 399
22 399 65 356
76 352 29 399
36 399 85 350
103 339 43 399
50 399 113 336
116 333 116 333
126 330 57 399
64 399 132 331
128 342 71 399
78 399 127 350
127 357 85 399
92 399 129 362
130 368 99 399
106 399 133 372
138 374 113 399
120 399 141 378
144 382 127 399
134 399 149 384
152 388 141 399
148 399 157 390
164 390 155 399
162 399 169 392
176 392 169 399
176 399 183 392
190 392 183 399
190 399 202 387
213 383 197 399
204 399 217 386
228 382 211 399
218 399 218 399
226 391 233 384
