20
274 315 274 315
278 318 270 326
243 360 243 360
254 349 257 346
261 342 263 340
265 338 283 320
289 321 249 361
244 366 243 367
253 364 293 324
297 327 244 380
250 381 304 327
308 330 258 380
262 383 312 333
317 335 256 396
260 399 321 338
328 338 267 399
274 399 332 341
336 344 281 399
288 399 341 346
344 350 295 399
302 399 351 350
358 350 309 399
316 399 359 356
366 356 323 399
330 399 371 358
373 363 337 399
344 399 377 366
382 368 351 399
358 399 387 370
393 371 365 399
372 399 397 374
399 379 379 399
386 399 399 386
399 393 393 399
