39
116 166 131 151
137 152 116 173
120 176 144 152
155 141 160 136
167 136 160 143
151 152 123 180
120 183 119 184
105 205 106 204
119 191 158 152
166 144 167 143
172 145 171 146
163 154 149 168
139 178 120 197
113 204 106 211
108 216 150 174
159 165 170 154
175 149 176 148
181 150 166 165
151 180 110 221
114 224 158 180
168 170 170 168
172 166 185 153
189 156 179 166
176 169 173 172
166 179 119 226
120 232 173 179
177 175 193 159
197 162 121 238
122 244 194 172
204 162 217 149
229 144 207 166
198 175 123 250
125 255 194 186
204 176 237 143
241 146 218 169
210 177 206 181
195 192 126 261
127 267 198 196
208 186 211 183
225 169 225 169
227 167 234 160
240 160 234 166
192 208 129 271
132 275 190 217
246 161 246 161
193 221 135 279
138 283 198 223
202 226 141 287
141 294 169 266
174 261 207 228
225 217 221 221
212 230 192 250
175 267 141 301
141 308 176 273
180 269 180 269
195 254 197 252
199 250 199 250
201 248 222 227
201 255 197 259
180 276 141 315
137 326 184 279
206 257 206 257
188 282 132 338
130 347 193 284
200 284 132 352
132 359 169 322
172 319 212 279
215 276 223 268
229 262 230 261
233 265 231 267
219 279 178 320
174 324 133 365
135 370 177 328
184 321 220 285
221 291 219 293
200 312 190 322
182 330 139 373
142 377 187 332
198 321 205 314
212 314 209 317
192 334 145 381
150 383 199 334
218 315 219 314
206 334 153 387
158 389 215 332
236 318 165 389
170 391 222 339
223 345 177 391
184 391 226 349
228 354 211 371
208 374 193 389
203 386 211 378
