134 57 122 69
114 80 140 54
144 53 109 88
106 94 147 53
150 53 104 99
102 104 150 56
154 55 101 108
100 112 158 54
161 54 100 115
98 120 163 55
164 57 98 123
97 127 166 58
169 58 97 130
97 133 171 59
174 59 132 101
129 104 97 136
97 139 125 111
127 109 127 109
135 101 135 101
137 99 177 59
179 60 175 64
173 66 136 103
123 116 120 119
118 121 97 142
97 145 114 128
117 125 118 124
126 116 131 111
136 106 180 62
178 67 148 97
143 102 136 109
134 111 127 118
113 132 112 133
108 137 104 141
102 143 97 148
97 151 109 139
130 118 135 113
139 109 143 105
152 96 153 95
155 93 180 68
185 66 155 96
135 116 133 118
112 139 97 154
98 156 113 141
158 96 188 66
189 68 167 90
112 145 98 159
100 160 113 147
166 94 189 71
190 73 166 97
111 152 101 162
102 164 108 158
110 156 111 155
168 98 191 75
193 76 171 98
109 160 103 166
103 169 109 163
176 96 196 76
199 76 179 96
108 167 106 169
183 95 201 77
202 79 186 95
189 95 203 81
205 82 191 96
190 100 191 99
193 97 205 85
205 88 190 103
162 131 159 134
159 137 170 126
191 105 207 89
210 89 193 106
173 126 162 137
165 137 178 124
196 106 212 90
215 90 197 108
185 120 168 137
175 133 189 119
200 108 219 89
221 90 206 105
204 107 200 111
192 119 177 134
180 134 195 119
203 111 223 91
224 93 205 112
200 117 198 119
196 121 184 133
186 134 203 117
208 112 226 94
227 96 209 114
206 117 189 134
192 134 227 99
230 99 195 134
198 134 233 99
235 100 202 133
204 134 238 100
240 101 207 134
212 132 241 103
244 103 216 131
219 131 247 103
248 105 222 131
224 132 251 105
251 108 241 118
238 121 227 132
233 129 234 128
244 118 252 110
255 110 246 119
249 119 259 109
262 109 254 117
256 118 264 110
265 112 256 121
257 123 265 115
268 115 257 126
258 128 270 116
271 118 259 130
260 132 273 119
275 120 261 134
262 136 275 123
276 124 263 137
264 139 276 127
276 130 267 139
269 140 276 133
277 135 271 141
274 141 279 136
280 138 275 143
276 145 282 139
283 141 277 147
278 149 284 143
285 145 278 152
279 154 286 147
287 149 279 157
279 160 287 152
287 155 280 162
280 165 286 159
285 163 280 168
282 169 284 167
