213 155 222 146
226 145 213 158
208 166 231 143
234 143 207 170
204 176 237 143
239 144 205 178
205 181 209 177
211 175 211 175
214 172 214 172
216 170 226 160
228 158 241 145
241 148 237 152
227 162 217 172
211 178 207 182
210 182 211 181
213 179 214 178
217 175 231 161
234 161 213 182
214 184 237 161
237 163 216 184
218 185 238 165
241 165 220 186
223 186 243 166
246 166 227 185
229 186 235 180
237 178 247 168
250 168 242 176
236 182 231 187
234 187 238 183
246 175 252 169
253 171 250 174
239 185 237 187
253 174 253 174
