171 212 170 213
170 216 174 212
184 205 183 206
179 210 170 219
170 222 187 205
188 207 171 224
171 227 176 222
180 218 188 210
186 214 182 218
176 224 171 229
171 232 177 226
177 229 171 235
172 237 179 230
183 229 173 239
174 241 186 229
189 229 175 243
160 261 161 260
175 246 191 230
193 231 172 252
165 259 160 264
161 266 168 259
172 255 196 231
199 231 172 258
170 260 162 268
164 269 202 231
205 231 193 243
188 248 166 270
168 271 190 249
196 243 206 233
211 231 201 241
192 250 168 274
169 276 179 266
181 264 192 253
203 242 214 231
215 233 206 242
192 256 184 264
180 268 171 277
173 278 183 268
187 264 194 257
211 240 211 240
213 238 215 236
198 256 189 265
186 268 175 279
176 281 189 268
192 265 201 256
204 256 177 283
179 284 206 257
208 258 201 265
199 267 180 286
181 288 201 268
204 265 211 258
213 259 205 267
203 269 184 288
185 290 215 260
217 261 213 265
210 268 206 272
203 275 186 292
187 294 205 276
209 272 212 269
214 267 220 261
222 262 215 269
210 274 190 294
192 295 213 274
218 269 226 261
229 261 222 268
214 276 195 295
199 294 214 279
226 267 231 262
231 265 230 266
203 293 202 294
