127 348 130 345
131 347 127 351
127 354 133 348
134 350 127 357
118 369 118 369
127 360 135 352
137 353 127 363
121 369 118 372
100 393 105 388
107 386 108 385
116 377 117 376
119 374 123 370
129 364 138 355
139 357 130 366
126 370 116 380
111 385 100 396
101 398 111 388
117 382 129 370
131 368 141 358
143 359 119 383
114 388 103 399
106 399 117 388
120 385 144 361
146 362 109 399
112 399 148 363
151 363 115 399
118 399 152 365
153 367 121 399
124 399 148 375
150 373 154 369
155 371 152 374
150 376 127 399
130 399 151 378
151 381 133 399
136 399 153 382
157 381 139 399
142 399 160 381
162 382 145 399
148 399 165 382
167 383 151 399
154 399 168 385
170 386 157 399
160 399 172 387
176 386 163 399
166 399 179 386
181 387 169 399
172 399 183 388
185 389 175 399
178 399 188 389
191 389 181 399
184 399 194 389
199 387 187 399
190 399 202 387
205 387 193 399
196 399 207 388
210 388 199 399
202 399 213 388
217 387 205 399
208 399 220 387
223 387 211 399
214 399 225 388
225 391 224 392
