119 150 118 151
113 159 116 156
118 154 127 145
135 140 113 162
113 165 138 140
144 137 128 153
117 164 113 168
116 168 117 167
131 153 148 136
152 135 134 153
137 153 155 135
156 137 140 153
142 154 156 140
156 143 145 154
147 155 160 142
162 143 150 155
142 163 140 165
140 168 145 163
153 155 165 143
167 144 156 155
146 165 137 174
137 177 147 167
150 164 153 161
158 156 169 145
171 146 161 156
156 161 137 180
140 180 159 161
163 157 173 147
175 148 164 159
162 161 150 173
147 176 145 178
151 175 154 172
156 170 177 149
178 151 151 178
152 180 180 152
182 153 155 180
157 181 162 176
164 174 183 155
185 156 166 175
164 177 154 187
154 190 186 158
187 160 157 190
160 190 188 162
189 164 185 168
182 171 163 190
168 188 185 171
188 168 189 167
186 173 172 187
175 187 186 176
191 174 189 176
187 178 177 188
177 191 194 174
195 176 191 180
189 182 180 191
183 191 185 189
187 187 189 185
194 180 195 179
192 185 185 192
182 198 192 188
191 192 182 201
184 202 191 195
189 200 187 202
