199 45
216 45
217 48
213 51
205 52
190 63
208 51
213 51
218 47
223 47
227 49
234 49
241 52
245 56
250 57
251 63
251 60
253 59
266 73
264 83
267 88
267 93
265 96
264 104
262 106
262 115
258 119
258 126
261 129
264 140
264 136
261 132
261 129
264 124
262 113
265 111
265 109
263 112
262 107
264 105
265 96
267 94
268 95
264 79
266 74
272 77
275 83
273 93
274 94
273 90
275 88
279 90
279 105
281 108
280 117
283 118
281 133
281 126
283 124
285 125
286 130
284 134
286 131
288 132
289 147
287 150
287 154
282 157
280 155
276 137
274 136
273 123
274 139
278 144
280 155
283 160
281 173
279 177
277 177
274 171
269 167
273 170
276 178
273 192
267 201
251 205
227 205
220 203
208 184
207 178
215 168
229 165
240 167
239 169
235 169
235 174
250 172
258 173
251 172
249 169
244 169
240 166
229 165
213 169
207 177
192 177
189 174
187 168
187 171
192 177
186 194
183 199
178 203
165 206
147 206
127 201
124 196
122 182
120 179
123 173
129 168
142 166
149 162
155 162
149 162
142 166
129 168
123 173
120 178
113 173
111 167
116 156
130 143
137 141
143 137
154 135
163 130
170 131
174 129
180 122
175 128
170 131
162 130
151 136
143 137
130 143
116 155
110 167
103 163
99 153
98 127
101 116
106 113
102 113
102 107
115 81
126 67
137 57
147 52
158 49
168 49
176 46
188 48
