200 44
188 48
175 46
168 49
157 49
150 52
146 52
135 58
126 66
111 87
102 107
102 115
98 127
99 154
104 164
104 171
100 174
101 195
107 202
105 209
109 218
118 226
120 230
123 249
128 266
142 289
142 319
133 329
129 342
130 359
135 370
139 375
146 380
136 371
132 364
129 355
129 342
133 329
141 322
142 319
142 288
128 266
128 262
123 249
121 233
119 227
113 220
113 208
109 203
109 179
103 172
104 166
108 165
111 168
112 172
121 180
125 199
128 202
134 204
147 206
165 206
178 203
184 198
190 185
191 178
193 176
205 176
208 179
208 184
217 200
222 204
251 205
267 201
272 195
275 179
277 177
279 177
282 182
283 194
280 205
283 194
283 187
279 177
282 168
282 158
287 154
289 142
288 132
283 123
283 117
279 105
279 90
275 87
274 80
270 75
265 72
264 69
255 60
244 55
242 52
239 52
234 49
218 47
216 45
