24
270 310 275 305
278 307 270 315
269 321 280 310
283 312 267 328
264 336 288 312
291 314 262 343
259 351 294 316
297 318 256 359
254 366 300 320
303 322 251 374
246 384 307 323
311 324 243 392
241 399 314 326
317 328 246 399
251 399 321 329
324 331 256 399
261 399 327 333
331 334 266 399
271 399 335 335
339 336 276 399
281 399 342 338
345 340 286 399
291 399 348 342
352 343 296 399
301 399 355 345
358 347 306 399
311 399 362 348
365 350 316 399
321 399 368 352
372 353 326 399
331 399 373 357
375 360 336 399
341 399 376 364
379 366 346 399
351 399 379 371
381 374 356 399
361 399 383 377
384 381 366 399
371 399 385 385
386 389 376 399
381 399 385 395
