14
29 358 19 368
17 375 39 353
47 350 20 377
3 394 1 396
1 399 10 390
16 384 16 384
19 381 56 344
64 341 6 399
11 399 73 337
84 331 16 399
21 399 92 328
107 318 26 399
31 399 121 309
120 315 36 399
41 399 120 320
120 325 46 399
51 399 121 329
123 332 56 399
61 399 124 336
125 340 66 399
71 399 126 344
127 348 76 399
81 399 129 351
130 355 86 399
91 399 131 359
133 362 96 399
101 399 134 366
135 370 106 399
111 399 138 372
139 376 116 399
121 399 141 379
143 382 126 399
131 399 145 385
147 388 136 399
141 399 149 391
153 392 146 399
151 399 154 396
