41
142 140 143 139
142 145 141 146
139 153 143 149
143 154 139 158
141 161 146 156
151 156 147 160
139 168 136 171
135 177 141 171
151 161 158 154
163 154 157 160
143 174 133 184
126 191 123 194
121 201 127 195
132 190 140 182
163 159 168 154
173 154 168 159
143 184 130 197
127 200 122 205
123 209 128 204
130 202 146 186
173 159 176 156
181 156 177 160
147 190 138 199
136 201 125 212
126 216 136 206
142 200 150 192
179 163 185 157
190 157 184 163
153 194 148 199
143 204 142 205
136 211 130 217
132 220 138 214
152 200 157 195
188 164 195 157
200 157 190 167
138 219 132 225
134 228 138 224
192 170 203 159
212 155 190 177
139 228 137 230
139 233 142 230
193 179 208 164
211 161 217 155
219 153 219 153
222 155 218 159
207 170 195 182
194 188 209 173
222 160 227 155
232 155 228 159
211 176 195 192
195 197 213 179
233 159 236 156
241 156 239 158
213 184 194 203
194 206 214 186
242 158 243 157
216 189 197 208
193 212 187 218
189 221 218 192
220 195 192 223
197 223 224 196
226 194 226 194
230 195 204 221
213 217 234 196
239 196 220 215
217 218 214 221
216 224 219 221
223 217 223 217
226 214 240 200
263 182 261 184
254 191 250 195
247 198 246 199
244 201 229 216
219 226 216 229
183 262 182 263
133 312 127 318
127 323 133 317
183 267 188 262
214 236 223 227
233 217 263 187
264 191 236 219
226 229 217 238
195 260 186 269
136 319 127 328
129 331 135 325
137 323 137 323
189 271 198 262
216 244 229 231
242 218 267 193
267 198 244 221
231 234 222 243
203 262 194 271
142 323 130 335
131 339 140 330
199 271 210 260
228 242 234 236
246 224 269 201
268 207 249 226
236 239 233 242
214 261 204 271
137 338 133 342
134 346 140 340
142 338 143 337
209 271 218 262
237 243 237 243
254 226 267 213
266 219 254 231
143 342 136 349
138 352 145 345
256 234 261 229
263 227 263 227
146 349 139 356
141 359 147 353
147 358 142 363
144 366 148 362
150 365 145 370
142 378 152 368
158 367 157 368
153 372 144 381
146 384 154 376
156 374 161 369
163 372 148 387
150 390 164 376
168 377 154 391
155 395 171 379
174 381 156 399
161 399 177 383
182 383 166 399
171 399 192 378
196 379 176 399
181 399 201 379
204 381 186 399
191 399 206 384
208 387 196 399
201 399 210 390
212 393 206 399
211 399 215 395
218 397 216 399
