42
137 205 141 201
147 200 144 203
141 206 139 208
139 213 151 201
161 196 159 198
157 200 139 218
139 223 167 195
174 193 140 227
143 229 183 189
190 182 192 180
194 183 143 234
144 238 193 189
194 193 148 239
151 241 153 239
155 237 194 198
193 204 161 236
163 237 193 207
196 209 194 211
186 219 168 237
173 237 182 228
184 226 188 222
183 232 177 238
195 225 196 224
203 222 200 225
205 225 212 218
213 222 211 224
214 226 215 225
171 279 173 277
229 226 228 227
177 278 172 283
173 287 180 280
199 261 200 260
230 230 233 227
237 228 232 233
205 260 204 261
183 282 175 290
178 292 187 283
211 259 212 258
223 247 227 243
235 235 239 231
242 233 237 238
232 243 228 247
223 252 215 260
191 284 181 294
186 294 197 283
219 261 236 244
238 242 245 235
268 212 274 206
269 216 267 218
246 239 213 272
202 283 191 294
198 292 250 240
252 238 252 238
254 236 255 235
262 228 262 228
264 226 266 224
267 228 202 293
206 294 267 233
264 241 210 295
214 296 264 246
262 253 218 297
223 297 224 296
226 294 261 259
259 266 250 275
246 279 238 287
