39
136 156 136 156
135 167 140 162
146 161 145 162
143 164 140 167
142 170 145 167
149 168 144 173
141 181 153 169
157 170 144 183
147 185 162 170
223 109 223 109
167 170 148 189
151 191 172 170
231 111 231 111
234 113 233 114
177 170 154 193
158 194 181 171
236 116 237 115
241 116 239 118
185 172 162 195
133 229 133 229
168 194 191 171
243 119 246 116
249 118 247 120
189 178 175 192
134 233 133 234
134 238 138 234
184 188 189 183
209 163 210 162
250 122 252 120
255 122 252 125
217 160 216 161
142 235 135 242
135 247 143 239
210 172 210 172
254 128 257 125
259 128 256 131
214 173 212 175
147 240 136 251
138 254 150 242
154 238 154 238
214 178 221 171
237 155 238 154
256 136 260 132
262 135 258 139
243 154 242 155
216 181 214 183
160 237 137 260
138 262 162 238
215 185 216 184
244 156 246 154
258 142 263 137
263 142 259 146
249 156 247 158
218 187 217 188
167 238 139 266
140 270 172 238
183 227 183 227
219 191 221 189
250 160 254 156
260 150 263 147
263 152 260 155
256 159 253 162
247 168 245 170
228 187 227 188
225 190 221 194
190 225 184 231
176 239 142 273
144 276 186 234
192 228 194 226
225 195 225 195
227 193 230 190
244 176 244 176
247 173 263 157
263 162 250 175
247 178 244 181
234 191 231 194
199 226 194 231
181 244 146 279
148 282 185 245
197 233 204 226
235 195 250 180
253 177 264 166
264 171 240 195
219 216 218 217
210 225 201 234
189 246 150 285
152 288 194 246
212 228 213 227
220 220 222 218
224 216 225 215
241 199 264 176
260 185 255 190
249 196 248 197
228 217 220 225
198 247 184 261
181 264 157 288
155 290 151 294
138 307 134 311
134 316 158 292
160 290 170 280
174 276 182 268
189 261 203 247
224 226 232 218
264 186 266 184
235 220 230 225
209 246 196 259
185 270 178 277
171 284 165 290
160 295 137 318
136 324 136 324
138 322 163 297
167 293 172 288
181 279 188 272
201 259 215 245
234 226 241 219
243 222 238 227
219 246 206 259
193 272 184 281
174 291 169 296
165 300 143 322
141 329 168 302
173 297 177 293
188 282 198 272
213 257 222 248
240 230 245 225
248 227 243 232
227 248 224 251
203 272 192 283
180 295 177 298
170 305 138 337
141 339 141 339
144 336 173 307
180 300 185 295
198 282 208 272
246 234 253 227
253 232 252 233
250 235 247 238
212 273 203 282
190 295 184 301
178 307 144 341
146 344 181 309
189 301 197 293
251 239 251 239
253 237 253 237
201 294 195 300
183 312 147 348
148 352 188 312
201 299 205 295
209 296 205 300
192 313 148 357
149 361 196 314
209 301 213 297
217 298 213 302
201 314 151 364
153 367 206 314
219 301 222 298
225 295 225 295
249 276 247 278
237 288 227 298
214 311 159 366
156 369 154 371
155 375 155 375
162 368 223 307
225 305 226 304
239 291 253 277
251 284 164 371
165 375 251 289
253 292 169 376
172 378 254 296
256 299 175 380
178 382 259 301
262 303 183 382
193 377 267 303
270 305 199 376
202 378 269 311
269 316 205 380
207 383 268 322
266 329 209 386
211 389 263 337
261 344 213 392
216 394 258 352
255 360 219 396
221 399 253 367
250 375 226 399
231 399 245 385
242 393 236 399
