56
146 61 140 67
137 70 135 72
127 80 125 82
122 90 152 60
159 58 116 101
111 111 170 52
177 50 112 115
112 120 181 51
183 54 112 125
113 129 187 55
197 50 114 133
114 138 203 49
208 49 114 143
112 150 213 49
217 50 112 155
112 160 142 130
144 128 144 128
149 123 221 51
226 51 163 114
141 136 113 164
107 170 106 171
109 173 111 171
115 167 141 141
168 114 230 52
233 54 174 113
140 147 116 171
114 173 111 176
114 178 135 157
137 155 138 154
178 114 238 54
242 55 183 114
138 159 137 160
135 162 114 183
121 181 134 168
189 113 245 57
249 58 196 111
135 172 119 188
124 188 134 178
146 166 150 162
203 109 252 60
255 62 207 110
156 161 150 167
132 185 127 190
128 194 131 191
154 168 162 160
211 111 259 63
262 65 220 107
218 109 217 110
167 160 158 169
129 198 128 199
129 203 129 203
163 169 172 160
221 111 222 110
224 108 265 67
268 69 228 109
226 111 224 113
176 161 168 169
173 169 178 164
229 113 230 112
232 110 271 71
273 74 235 112
183 164 178 169
182 170 187 165
238 114 276 76
278 79 242 115
189 168 186 171
247 115 278 84
279 88 250 117
253 119 280 92
280 97 256 121
215 162 209 168
211 171 221 161
258 124 281 101
281 106 260 127
227 160 215 172
222 170 232 160
261 131 283 109
286 111 263 134
238 159 217 180
217 183 241 159
264 136 288 112
290 115 264 141
246 159 219 186
222 188 249 161
264 146 293 117
294 121 264 151
252 163 250 165
244 171 229 186
187 233 191 229
231 189 243 177
245 175 246 174
264 156 294 126
291 134 264 161
249 176 248 177
243 182 241 184
239 186 235 190
193 232 182 243
186 244 196 234
251 179 252 178
265 165 292 138
293 142 265 170
200 235 190 245
121 319 124 316
128 312 128 312
195 245 211 229
265 175 293 147
293 152 265 180
212 233 199 246
126 319 121 324
122 328 126 324
159 291 159 291
204 246 213 237
267 183 293 157
291 164 267 188
216 239 210 245
164 291 161 294
126 329 124 331
125 335 128 332
164 296 166 294
268 192 285 175
288 172 288 172
286 179 268 197
168 297 166 299
129 336 126 339
127 343 130 340
169 301 172 298
270 200 288 182
290 185 281 194
273 202 270 205
176 299 171 304
132 343 128 347
130 350 133 347
174 306 179 301
282 198 283 197
287 193 294 186
183 302 179 306
135 350 131 354
132 358 137 353
182 308 188 302
194 301 184 311
138 357 134 361
135 365 140 360
189 311 200 300
204 301 193 312
141 364 136 369
139 371 143 367
197 313 208 302
212 303 202 313
144 371 141 374
207 313 218 302
226 299 215 310
224 306 224 306
227 303 238 292
