54
143 129 143 129
145 127 148 124
162 115 143 134
144 138 167 115
173 114 143 144
144 148 177 115
182 115 144 153
147 155 188 114
195 112 154 153
159 153 202 110
206 111 164 153
169 153 210 112
216 111 174 153
177 155 220 112
223 114 182 155
186 156 228 114
232 115 191 156
196 156 235 117
238 119 201 156
204 158 242 120
246 121 213 154
218 154 218 154
220 152 249 123
251 126 223 154
228 154 253 129
255 132 234 153
239 153 255 137
257 140 244 153
247 153 257 143
258 147 250 155
255 155 259 151
259 156 257 158
