39
136 160 136 160
141 162 135 168
141 169 144 166
149 168 144 173
142 182 155 169
161 170 146 185
148 190 167 171
175 170 152 193
158 194 181 171
236 116 237 115
243 116 241 118
190 169 189 170
187 172 165 194
133 233 134 232
172 194 172 194
174 192 190 176
246 120 248 118
253 120 251 122
212 161 208 165
189 184 187 186
139 234 135 238
135 245 143 237
209 171 209 171
254 126 256 124
259 128 256 131
214 173 212 175
147 240 136 251
138 256 152 242
154 240 155 239
213 181 223 171
239 155 240 154
257 137 261 133
263 137 258 142
246 154 244 156
216 184 215 185
162 238 138 262
140 267 169 238
218 189 219 188
248 159 251 156
259 148 263 144
263 151 260 154
256 158 252 162
246 168 245 169
228 186 227 187
224 190 221 193
189 225 184 230
174 240 141 273
144 277 182 239
185 236 187 234
193 228 195 226
226 195 226 195
228 193 231 190
244 177 245 176
248 173 263 158
264 164 252 176
249 179 244 184
238 190 234 194
202 226 195 233
183 245 147 281
150 285 189 246
201 234 210 225
218 217 219 216
240 195 264 171
264 178 263 179
259 183 244 198
226 216 220 222
214 228 213 229
196 246 182 260
179 263 152 290
133 316 157 292
159 290 169 280
173 276 182 267
184 265 184 265
188 261 202 247
217 232 217 232
223 226 229 220
231 218 231 218
264 185 266 183
236 220 231 225
228 228 227 229
210 246 197 259
186 270 179 277
171 285 165 291
161 295 137 319
137 326 138 325
141 322 164 299
169 294 173 290
183 280 191 272
203 260 217 246
236 227 242 221
245 225 240 230
222 248 213 257
198 272 188 282
177 293 173 297
168 302 141 329
139 338 140 337
142 335 172 305
178 299 182 295
193 284 205 272
228 249 228 249
244 233 249 228
254 230 252 232
250 234 246 238
211 273 202 282
189 295 183 301
176 308 143 341
146 345 181 310
190 301 198 293
204 294 199 299
185 313 147 351
148 357 192 313
205 300 209 296
215 297 211 301
197 315 150 362
152 367 205 314
218 301 223 296
250 276 247 279
237 289 228 298
218 308 159 367
156 370 154 372
163 370 251 282
251 289 165 375
170 377 253 294
255 299 175 379
178 383 260 301
267 301 266 302
264 304 191 377
197 378 197 378
199 376 270 305
269 313 202 380
207 382 268 321
266 330 210 386
212 391 262 341
258 352 216 394
220 397 254 363
251 373 225 399
232 399 245 386
240 398 239 399
