41
142 140 143 139
142 147 140 149
139 157 142 154
147 156 142 161
135 175 140 170
149 161 156 154
163 154 157 160
143 174 133 184
126 191 123 194
121 203 127 197
131 193 141 183
165 159 170 154
176 155 172 159
145 186 130 201
128 203 123 208
125 213 137 201
139 199 147 191
178 160 182 156
189 156 182 163
151 194 146 199
136 209 128 217
132 220 138 214
152 200 157 195
188 164 195 157
201 158 191 168
138 221 133 226
135 231 140 226
191 175 211 155
218 155 213 160
207 166 194 179
142 231 140 233
195 185 208 172
219 161 225 155
232 155 228 159
211 176 195 192
195 199 212 182
235 159 238 156
243 157 242 158
214 186 194 206
187 220 194 213
198 209 217 190
220 194 191 223
199 222 225 196
227 194 227 194
233 195 232 196
230 198 210 218
214 221 217 218
220 215 239 196
262 180 260 182
243 199 227 215
219 223 216 226
181 261 180 262
126 323 132 317
183 266 183 266
185 264 187 262
213 236 216 233
218 231 222 227
230 219 230 219
232 217 263 186
264 192 237 219
226 230 217 239
196 260 187 269
136 320 128 328
129 334 136 327
139 324 140 323
192 271 201 262
218 245 230 233
243 220 267 196
269 201 246 224
234 236 228 242
210 260 199 271
140 330 131 339
133 344 138 339
141 336 141 336
206 271 217 260
234 243 237 240
250 227 268 209
266 218 255 229
142 342 136 348
138 353 145 346
256 235 260 231
146 352 141 357
142 363 147 358
149 363 143 369
141 378 151 368
158 368 157 369
153 373 144 382
147 386 162 371
164 376 150 390
154 393 169 378
174 380 156 398
162 399 177 384
190 378 169 399
176 399 196 379
198 377 198 377
201 381 183 399
190 399 206 383
209 387 197 399
204 399 211 392
215 395 211 399
218 399 219 398
