42
138 200 138 200
145 200 144 201
142 203 137 208
139 213 151 201
164 195 139 220
141 225 171 195
173 193 173 193
193 180 190 183
186 187 143 230
144 236 194 186
194 193 148 239
153 241 153 241
156 238 194 200
193 207 163 237
170 237 186 221
195 212 197 210
183 231 175 239
196 225 198 223
209 219 203 225
211 224 213 222
170 279 172 277
230 226 229 227
178 278 172 284
174 289 182 281
202 261 202 261
231 232 235 228
239 231 235 235
227 243 223 247
212 258 211 259
187 283 178 292
183 294 192 285
218 259 227 250
229 248 233 244
238 239 243 234
269 208 270 207
273 204 275 202
269 215 267 217
245 239 223 261
221 263 214 270
201 283 190 294
199 292 255 236
261 230 266 225
267 231 205 293
210 295 264 241
264 248 216 296
224 295 261 258
258 268 251 275
246 280 245 281
243 283 238 288
