56
122 90 152 60
163 56 111 108
111 115 176 50
182 51 112 121
113 127 185 55
197 50 114 133
114 140 205 49
212 49 112 149
112 156 218 50
224 51 160 115
141 134 113 162
109 173 111 171
115 167 141 141
168 114 230 52
235 54 176 113
139 150 112 177
114 182 135 161
137 159 138 158
182 114 241 55
246 57 190 113
134 169 121 182
124 186 134 176
145 165 148 162
200 110 250 60
255 62 207 110
156 161 150 167
132 185 127 190
128 196 130 194
156 168 164 160
213 111 260 64
265 66 221 110
171 160 162 169
168 170 177 161
225 113 268 70
272 73 234 111
181 164 176 169
182 170 187 165
238 114 276 76
278 81 244 115
249 117 280 86
279 94 254 119
210 170 218 162
257 123 281 99
281 106 260 127
227 160 215 172
224 170 234 160
262 132 284 110
288 112 264 136
241 159 217 183
220 187 247 160
264 143 291 116
293 121 264 150
251 163 247 167
244 170 229 185
226 188 225 189
183 238 184 237
188 233 192 229
232 189 243 178
246 175 247 174
264 157 290 131
292 129 295 126
292 136 265 163
251 177 250 178
241 187 239 189
194 234 184 244
190 245 200 235
265 170 293 142
293 149 265 177
212 230 197 245
130 312 121 321
122 327 125 324
158 291 158 291
203 246 212 237
267 182 293 156
291 165 267 189
216 240 211 245
164 292 162 294
127 329 123 333
125 338 128 335
165 298 168 295
268 195 284 179
288 182 270 200
172 298 169 301
130 340 127 343
129 348 132 345
173 304 177 300
271 206 272 205
282 195 290 187
292 192 291 193
182 302 177 307
135 349 131 353
132 359 137 354
182 309 189 302
198 300 186 312
140 358 135 363
136 369 141 364
193 312 204 301
210 302 198 314
142 370 139 373
206 313 217 302
227 299 219 307
