143 266 144 265
148 264 143 269
143 272 151 264
152 266 144 274
145 276 153 268
154 270 146 278
147 280 154 273
154 276 148 282
151 282 152 281
155 281 151 285
152 287 157 282
158 284 154 288
155 290 160 285
162 286 156 292
158 293 164 287
165 289 159 295
161 296 166 291
168 292 163 297
166 297 171 292
172 294 169 297
166 300 165 301
165 304 174 295
176 296 167 305
168 307 172 303
174 301 178 297
181 297 176 302
173 305 170 308
173 308 176 305
178 303 183 298
186 298 180 304
178 306 174 310
176 311 180 307
183 304 190 297
194 296 186 304
182 308 178 312
179 314 185 308
189 304 197 296
200 296 192 304
187 309 182 314
185 314 189 310
196 303 202 297
204 298 200 302
192 310 186 316
187 318 195 310
202 303 207 298
210 298 204 304
197 311 188 320
189 322 200 311
206 305 212 299
214 300 209 305
203 311 189 325
189 328 206 311
212 305 219 298
224 296 216 304
210 310 190 330
191 332 213 310
219 304 227 296
229 294 235 288
237 289 218 308
215 311 193 333
193 336 210 319
213 316 215 314
218 311 228 301
232 297 239 290
239 293 235 297
230 302 221 311
207 325 194 338
187 348 189 346
194 341 207 328
229 306 230 305
208 330 184 354
185 356 208 333
207 337 187 357
185 359 182 362
181 366 206 341
207 343 181 369
181 372 209 344
210 346 184 372
187 372 212 347
212 350 190 372
194 371 213 352
213 355 197 371
199 372 215 356
217 357 202 372
206 371 206 371
208 369 217 360
214 366 211 369
