47 368 52 363
53 365 46 372
38 383 41 380
46 375 53 368
55 369 38 386
39 388 61 366
64 366 38 392
34 396 33 397
34 399 67 366
95 341 93 343
70 366 37 399
40 399 72 367
94 345 99 340
102 340 96 346
73 369 43 399
46 399 79 366
82 363 83 362
96 349 103 342
106 342 97 351
86 362 49 399
52 399 89 362
97 354 107 344
114 337 115 336
119 335 113 341
108 346 98 356
91 363 55 399
58 399 91 366
99 358 109 348
113 344 122 335
123 337 113 347
109 351 99 361
93 367 61 399
64 399 93 370
99 364 107 356
115 348 126 337
128 338 117 349
109 357 100 366
94 372 67 399
70 399 96 373
100 369 111 358
118 351 129 340
130 342 119 353
113 359 73 399
76 399 114 361
119 356 131 344
132 346 119 359
114 364 79 399
82 399 114 367
120 361 133 348
134 350 121 363
118 366 85 399
88 399 135 352
136 354 91 399
94 399 120 373
124 369 137 356
138 358 126 370
123 373 97 399
100 399 139 360
140 362 103 399
106 399 126 379
128 377 141 364
142 366 109 399
112 399 143 368
144 370 142 372
138 376 115 399
118 399 139 378
140 380 121 399
124 399 141 382
143 383 127 399
130 399 144 385
145 387 133 399
136 399 146 389
147 391 139 399
142 399 148 393
149 395 145 399
148 399 151 396
152 398 151 399
