136 70 136 70
138 68 145 61
148 61 124 85
122 90 153 59
157 58 119 96
117 101 163 55
169 52 117 104
112 112 114 110
116 108 173 51
177 50 112 115
112 118 130 100
132 98 144 86
146 84 180 50
181 52 150 83
145 88 135 98
130 103 112 121
112 124 131 105
135 101 146 90
151 85 157 79
161 75 183 53
184 55 163 76
158 81 154 85
148 91 137 102
131 108 125 114
123 116 113 126
113 129 119 123
121 121 132 110
139 103 149 93
156 86 160 82
166 76 187 55
193 52 174 71
161 84 157 88
151 94 141 104
132 113 114 131
114 134 126 122
129 119 131 117
144 104 152 96
159 89 163 85
177 71 198 50
201 50 180 71
165 86 161 90
153 98 146 105
127 124 115 136
115 139 129 125
148 106 155 99
163 91 166 88
182 72 205 49
208 49 184 73
167 90 165 92
153 104 151 106
129 128 113 144
113 147 130 130
145 115 156 104
187 73 187 73
190 70 211 49
213 50 193 70
157 106 145 118
129 134 113 150
112 154 128 138
147 119 159 107
196 70 198 68
200 66 216 50
218 51 197 72
164 105 150 119
128 141 112 157
113 159 128 144
159 113 167 105
200 72 201 71
203 69 220 52
223 52 200 75
171 104 163 112
127 148 119 156
117 158 113 162
115 163 117 161
120 158 128 150
168 110 175 103
177 101 177 101
202 76 226 52
228 53 203 78
180 101 171 110
129 152 122 159
123 161 131 153
174 110 183 101
206 78 223 61
225 59 230 54
233 54 227 60
223 64 209 78
186 101 178 109
131 156 124 163
127 163 131 159
181 109 189 101
212 78 225 65
229 61 235 55
238 55 229 64
227 66 218 75
194 99 184 109
131 162 130 163
187 109 197 99
221 75 228 68
230 66 240 56
242 57 232 67
229 70 224 75
200 99 191 108
194 108 203 99
224 78 230 72
232 70 244 58
246 59 225 80
206 99 198 107
202 106 208 100
226 82 248 60
250 61 229 82
210 101 205 106
207 107 213 101
233 81 252 62
254 63 236 81
215 102 210 107
212 108 217 103
236 84 256 64
258 65 236 87
220 103 215 108
219 107 223 103
238 88 260 66
263 66 241 88
225 104 222 107
224 108 228 104
246 86 264 68
266 69 249 86
230 105 226 109
228 110 232 106
250 88 268 70
270 71 251 90
234 107 231 110
233 111 237 107
251 93 271 73
273 74 253 94
238 109 234 113
236 114 240 110
254 96 275 75
275 78 254 99
243 110 239 114
241 115 245 111
257 99 276 80
277 82 265 94
263 96 262 97
247 112 243 116
246 116 248 114
265 97 278 84
278 87 265 100
267 101 278 90
278 93 268 103
267 107 279 95
279 98 267 110
270 110 279 101
280 103 272 111
274 112 280 106
282 107 277 112
262 130 263 129
277 115 283 109
284 111 279 116
266 129 262 133
263 135 266 132
280 118 286 112
287 113 279 121
266 134 263 137
263 140 273 130
279 124 288 115
291 115 279 127
276 130 263 143
263 146 277 132
280 129 294 115
295 117 264 148
264 151 295 120
295 123 276 142
274 144 273 145
270 148 267 151
273 148 290 131
292 129 295 126
290 134 273 151
272 155 291 136
292 138 271 159
271 162 293 140
293 143 272 164
275 164 293 146
293 149 276 166
275 170 293 152
293 155 274 174
274 177 292 159
290 164 271 183
267 190 267 190
269 188 269 188
271 186 288 169
285 175 267 193
268 195 286 177
286 180 270 196
272 197 287 182
289 183 275 197
278 197 290 185
291 187 281 197
287 194 292 189
292 192 291 193
