204 49
202 51
197 51
187 56
178 52
172 52
163 58
145 62
139 68
137 72
128 81
127 85
124 87
119 101
113 109
113 125
116 134
113 159
114 162
119 165
120 170
113 174
106 170
104 167
106 170
114 175
114 185
114 179
119 178
129 186
129 212
131 218
127 218
121 203
119 187
121 203
126 217
131 220
136 239
138 260
140 267
147 279
154 288
163 293
174 303
184 307
202 308
214 307
234 297
248 283
258 266
263 249
263 237
266 228
266 223
271 208
271 202
268 192
267 157
270 155
271 145
270 154
267 156
266 155
265 134
270 130
274 130
270 130
267 133
265 133
257 118
252 116
248 112
240 112
223 104
217 106
210 106
205 104
174 104
164 107
150 108
144 114
143 111
144 115
140 119
139 125
136 130
134 166
132 172
132 179
130 184
128 185
120 179
124 176
120 178
114 177
114 174
119 172
120 168
118 156
118 164
115 163
113 159
116 138
113 125
113 115
118 111
117 104
124 88
127 86
131 93
127 86
128 81
135 75
144 63
151 60
161 59
172 52
177 52
186 55
190 59
192 59
188 57
190 54
197 51
209 49
222 55
224 66
223 59
224 58
227 60
231 70
231 81
230 65
227 59
225 59
222 56
223 53
236 55
239 57
239 61
239 58
243 57
265 68
269 73
270 79
269 77
272 74
274 76
277 83
281 109
290 118
281 109
279 101
279 92
274 75
270 74
262 66
246 58
227 53
220 54
215 52
214 50
