62.9184 51.2739 145.636
66.4155 54.9052 138.278
113.103 68.5393 157.646
114.662 58.6624 158.956
111.129 61.3486 134.375
143.224 99.7754 134.138
90.2473 34.982 114.624
93.7981 32.9694 124.253
114.876 53.3007 69.5574
105.494 52.893 65.8023
96.47 53.2841 28.163
156.337 65.7296 33.5547
125.906 71.0642 47.6528
107.402 55.1735 17.1604
117.197 57.2291 11.9636
146.602 101.984 32.1735
164.903 135.534 69
146.482 119.747 60.9625
40.6435 112.066 88.515
85.6426 85.5459 14.6703
65.8027 101.1 14.7078
66.924 97.307 21.5
53.8321 124.691 68.6917
46.7839 136.664 73.9439
76.7646 136.985 40.8061
143.567 152.373 105.654
74.1818 142.617 154.258
40.0775 133.193 141.789
33.0876 146.039 159.268
100.382 137.733 134.359
106.98 151.528 148.244
88.1156 172.422 143.822
14.9391 30.673 52.8957
13.5021 30.7921 105.446
26.0464 33.6249 103.023
19.8768 105.789 145.037
18.836 28.2255 140.728
21.8878 55.5057 150.229
12.3477 60.4318 160.74
7.50713 87.0838 152.57
39.966 121.187 208.895
98.2411 139.227 149.051
92.7845 117.184 148.617
100.224 103.565 124.278
123.89 117.664 114.285
102.095 100.308 96.9082
17.8335 15.3838 13.9188
255.0 255.0 255.0