220.683 53.4515 86.4279
215.171 59.0272 92.3285
228.859 75.019 177.216
230.24 66.1347 186.421
213.732 76.2618 185.466
210.874 151.814 221.338
192.761 29.6832 157.061
202.818 30.5806 163.195
107.795 56.1744 194.399
97.6485 55.3398 181.57
16.9914 78.5454 161.551
35.1727 116.485 227.286
37.6824 104.568 200.109
12.4096 99.7347 184.595
9.42289 104.112 195.07
28.5487 175.156 221.65
90.8832 210.32 234.046
68.8522 195.593 223.098
157.536 192.562 41.7423
10.0045 151.162 151.447
10.674 176.417 118.848
17.016 171.784 120.361
102.877 204.923 54.4566
121.853 214.74 46.2308
32.7795 214.149 126.556
161.38 227.421 217.993
228.232 218.151 93.3793
219.209 211.835 48.3669
229.485 220.772 32.5654
213.399 216.97 154.027
224.243 227.035 160.647
214.949 237.834 126.09
97.7609 52.1058 13.7755
180.922 50.1634 9.08658
179.975 45.8254 22.287
220.118 180.126 14.8419
217.302 43.2599 15.497
223.784 93.6493 14.1365
229.446 110.041 12.6067
224.292 157.937 9.62334
248.291 195.943 38.2011
225.849 215.093 140.549
225.645 189.234 143.911
205.582 174.526 167.908
180.295 187.12 198.376
163.484 171.809 177.088
22.8726 25.6401 31.3001
