173.795 193.737 220.683
173.554 185.623 215.171
159.978 171.406 228.86
157.985 181.821 230.24
156.146 164.485 213.735
145.428 80.203 221.338
156.54 216.577 192.768
156.803 217.69 202.835
131.185 182.663 194.399
130.069 179.648 181.57
107.246 230.045 161.551
107.232 216.041 227.286
107.636 207.803 200.109
104.811 238.999 184.595
104.656 243.667 195.07
97.1429 222.425 221.65
95.0637 156.196 234.046
95.3759 176.621 223.113
36.9632 201.354 192.562
90.0602 240.848 153.314
79.5758 241.079 176.417
80.01 231.885 171.784
50.42 187.781 204.923
46.5726 200.325 214.74
75.5618 216.338 214.149
85.7602 74.0418 227.421
27.6379 150.728 228.239
28.6771 199.407 219.341
28.681 218.792 229.647
31.8412 74.1642 217.026
31.3994 74.6698 227.214
36.33 119.758 237.834
13.6515 225.073 97.7609
7.55195 242.924 180.922
13.3037 225.597 179.975
24.159 238.087 220.118
6.9623 237.557 217.302
11.335 238.843 223.784
13.5 240.874 229.446
20.7886 244.031 224.292
22.4227 215.438 248.291
26.0793 96.244 225.849
16.3713 92.2537 225.645
14.4284 47.054 205.582
109.003 23.3035 198.376
103.312 19.9189 177.132
110.025 70.7331 31.474
