86.4279 53.4515 220.683
92.3285 59.0272 215.171
177.216 75.019 228.859
186.421 66.1347 230.24
185.466 76.2618 213.732
221.338 151.814 210.874
157.061 29.6832 192.761
163.195 30.5806 202.818
194.399 56.1744 107.795
181.57 55.3398 97.6485
161.551 78.5454 16.9914
227.286 116.485 35.1727
200.109 104.568 37.6824
184.595 99.7347 12.4096
195.07 104.112 9.42289
221.65 175.156 28.5487
234.046 210.32 90.8832
223.098 195.593 68.8522
41.7423 192.562 157.536
151.447 151.162 10.0045
118.848 176.417 10.674
120.361 171.784 17.016
54.4566 204.923 102.877
46.2308 214.74 121.853
126.556 214.149 32.7795
217.993 227.421 161.38
93.3793 218.151 228.232
48.3669 211.835 219.209
32.5654 220.772 229.485
154.027 216.97 213.399
160.647 227.035 224.243
126.09 237.834 214.949
13.7755 52.1058 97.7609
9.08658 50.1634 180.922
22.287 45.8254 179.975
14.8419 180.126 220.118
15.497 43.2599 217.302
14.1365 93.6493 223.784
12.6067 110.041 229.446
9.62334 157.937 224.292
38.2011 195.943 248.291
140.549 215.093 225.849
143.911 189.234 225.645
167.908 174.526 205.582
198.376 187.12 180.295
177.088 171.809 163.484
31.3001 25.6401 22.8726
