[0.2, 0.35, -0.045]
[0.2, 0.35, -0.0445]
[0.2, 0.3495, -0.044]
[0.2, 0.3495, -0.0435]
[0.2, 0.3495, -0.043]
[0.2, 0.3495, -0.0425]
[0.2, 0.349, -0.042]
[0.2, 0.349, -0.0415]
[0.2, 0.3485, -0.041]
[0.2, 0.348, -0.0405]
[0.2, 0.348, -0.04]
[0.2, 0.348, -0.0395]
[0.2, 0.348, -0.039]
[0.2, 0.348, -0.0385]
[0.2, 0.348, -0.038]
[0.2, 0.348, -0.0375]
[0.2, 0.348, -0.037]
[0.2, 0.348, -0.0365]
[0.2, 0.348, -0.036]
[0.2, 0.3475, -0.0355]
[0.2, 0.3475, -0.035]
[0.2, 0.3475, -0.0345]
[0.2, 0.3475, -0.034]
[0.2, 0.3475, -0.0335]
[0.2, 0.3475, -0.033]
[0.2, 0.3475, -0.0325]
[0.2, 0.3475, -0.032]
[0.2, 0.347, -0.0315]
[0.2, 0.347, -0.031]
[0.2, 0.347, -0.0305]
[0.2, 0.347, -0.03]
[0.2, 0.347, -0.0295]
[0.2, 0.347, -0.029]
[0.2, 0.3465, -0.0285]
[0.2, 0.3465, -0.028]
[0.2, 0.3465, -0.0275]
[0.2, 0.3465, -0.027]
[0.2, 0.3465, -0.0265]
[0.2, 0.3465, -0.026]
[0.2, 0.346, -0.0255]
[0.2, 0.346, -0.025]
[0.2, 0.346, -0.0245]
[0.2, 0.3455, -0.024]
[0.2, 0.3455, -0.0235]
[0.2, 0.3455, -0.023]
[0.2, 0.3455, -0.0225]
[0.2, 0.3455, -0.022]
[0.2, 0.3455, -0.0215]
[0.2, 0.3455, -0.021]
[0.2, 0.3455, -0.0205]
[0.2, 0.3455, -0.02]
[0.2, 0.3455, -0.0195]
[0.2, 0.3455, -0.019]
[0.2, 0.3455, -0.0185]
[0.2, 0.3455, -0.018]
[0.2, 0.3455, -0.0175]
[0.2, 0.345, -0.017]
[0.2, 0.3445, -0.0165]
[0.2, 0.344, -0.016]
[0.2, 0.3435, -0.0155]
[0.2, 0.343, -0.0155]
[0.2, 0.3425, -0.016]
[0.2, 0.3425, -0.0165]
[0.2, 0.342, -0.017]
[0.2, 0.3415, -0.017]
[0.2, 0.341, -0.0175]
[0.2, 0.341, -0.018]
[0.2, 0.3415, -0.0185]
[0.2, 0.3415, -0.019]
[0.2, 0.342, -0.0195]
[0.2, 0.3425, -0.0195]
[0.2, 0.3425, -0.02]
[0.2, 0.3425, -0.0205]
[0.2, 0.3425, -0.02]
[0.2, 0.342, -0.0195]
[0.2, 0.3415, -0.019]
[0.2, 0.3415, -0.0185]
[0.2, 0.341, -0.018]
[0.2, 0.341, -0.0175]
[0.2, 0.3405, -0.017]
[0.2, 0.34, -0.017]
[0.2, 0.34, -0.0165]
[0.2, 0.3395, -0.016]
[0.2, 0.3395, -0.0155]
[0.2, 0.3395, -0.015]
[0.2, 0.339, -0.0145]
[0.2, 0.339, -0.014]
[0.2, 0.339, -0.0135]
[0.2, 0.3385, -0.013]
[0.2, 0.3385, -0.0125]
[0.2, 0.3385, -0.012]
[0.2, 0.339, -0.0115]
[0.2, 0.339, -0.011]
[0.2, 0.339, -0.0105]
[0.2, 0.339, -0.01]
[0.2, 0.339, -0.0095]
[0.2, 0.339, -0.009]
[0.2, 0.339, -0.0085]
[0.2, 0.3395, -0.008]
[0.2, 0.3395, -0.0075]
[0.2, 0.3395, -0.007]
[0.2, 0.3395, -0.0065]
[0.2, 0.3395, -0.006]
[0.2, 0.3395, -0.0055]
[0.2, 0.3395, -0.005]
[0.2, 0.34, -0.0045]
[0.2, 0.34, -0.004]
[0.2, 0.3405, -0.0035]
[0.2, 0.3405, -0.003]
[0.2, 0.3405, -0.0025]
[0.2, 0.3405, -0.002]
[0.2, 0.341, -0.0015]
[0.2, 0.341, -0.001]
[0.2, 0.341, -0.0005]
[0.2, 0.341, 0]
[0.2, 0.3415, 0.0005]
[0.2, 0.3415, 0.001]
[0.2, 0.342, 0.0015]
[0.2, 0.3425, 0.002]
[0.2, 0.3425, 0.0025]
[0.2, 0.342, 0.003]
[0.2, 0.3415, 0.0035]
[0.2, 0.3415, 0.004]
[0.2, 0.3415, 0.0045]
[0.2, 0.3415, 0.005]
[0.2, 0.3415, 0.0055]
[0.2, 0.342, 0.006]
[0.2, 0.342, 0.0065]
[0.2, 0.3425, 0.007]
[0.2, 0.343, 0.007]
[0.2, 0.3435, 0.0075]
[0.2, 0.344, 0.008]
[0.2, 0.3445, 0.008]
[0.2, 0.345, 0.0085]
[0.2, 0.345, 0.009]
[0.2, 0.345, 0.0095]
[0.2, 0.345, 0.01]
[0.2, 0.345, 0.0105]
[0.2, 0.345, 0.011]
[0.2, 0.3455, 0.0115]
[0.2, 0.3455, 0.012]
[0.2, 0.3455, 0.0125]
[0.2, 0.3455, 0.013]
[0.2, 0.3455, 0.0135]
[0.2, 0.346, 0.014]
[0.2, 0.346, 0.0145]
[0.2, 0.346, 0.015]
[0.2, 0.346, 0.0155]
[0.2, 0.3465, 0.016]
[0.2, 0.3465, 0.0165]
[0.2, 0.3465, 0.017]
[0.2, 0.3465, 0.0175]
[0.2, 0.3465, 0.018]
[0.2, 0.3465, 0.0185]
[0.2, 0.3465, 0.019]
[0.2, 0.347, 0.0195]
[0.2, 0.347, 0.02]
[0.2, 0.347, 0.0205]
[0.2, 0.347, 0.021]
[0.2, 0.347, 0.0215]
[0.2, 0.3475, 0.022]
[0.2, 0.3475, 0.0225]
[0.2, 0.348, 0.0225]
[0.2, 0.3485, 0.0225]
[0.2, 0.349, 0.0225]
[0.2, 0.3495, 0.023]
[0.2, 0.3495, 0.0235]
[0.2, 0.3495, 0.024]
[0.2, 0.3495, 0.0245]
[0.2, 0.3495, 0.025]
[0.2, 0.3495, 0.0255]
[0.2, 0.3495, 0.026]
[0.2, 0.3495, 0.0265]
[0.2, 0.3495, 0.027]
[0.2, 0.3495, 0.0275]
[0.2, 0.3495, 0.028]
[0.2, 0.3495, 0.0285]
[0.2, 0.3495, 0.029]
[0.2, 0.3495, 0.0295]
[0.2, 0.3495, 0.03]
[0.2, 0.35, 0.0305]
[0.2, 0.35, 0.031]
[0.2, 0.35, 0.0315]
[0.2, 0.35, 0.032]
[0.2, 0.35, 0.0325]
[0.2, 0.35, 0.033]
[0.2, 0.3505, 0.0335]
[0.2, 0.3505, 0.034]
[0.2, 0.351, 0.0345]
[0.2, 0.351, 0.035]
[0.2, 0.351, 0.0355]
[0.2, 0.3515, 0.036]
[0.2, 0.3515, 0.0365]
[0.2, 0.352, 0.037]
[0.2, 0.352, 0.0375]
[0.2, 0.3525, 0.038]
[0.2, 0.3525, 0.0385]
[0.2, 0.353, 0.039]
[0.2, 0.353, 0.0395]
[0.2, 0.353, 0.04]
[0.2, 0.3535, 0.0405]
[0.2, 0.3535, 0.041]
[0.2, 0.3535, 0.0415]
[0.2, 0.354, 0.042]
[0.2, 0.354, 0.0425]
[0.2, 0.3545, 0.043]
[0.2, 0.355, 0.0435]
[0.2, 0.355, 0.044]
[0.2, 0.3555, 0.0445]
[0.2, 0.3555, 0.045]
[0.2, 0.356, 0.0455]
[0.2, 0.356, 0.046]
[0.2, 0.3565, 0.0465]
[0.2, 0.3565, 0.047]
[0.2, 0.357, 0.0475]
[0.2, 0.357, 0.048]
[0.2, 0.3575, 0.0485]
[0.2, 0.358, 0.049]
[0.2, 0.3585, 0.0495]
[0.2, 0.359, 0.05]
[0.2, 0.359, 0.0505]
[0.2, 0.3595, 0.051]
[0.2, 0.36, 0.0515]
[0.2, 0.3605, 0.052]
[0.2, 0.361, 0.0525]
[0.2, 0.3615, 0.053]
[0.2, 0.362, 0.0535]
[0.2, 0.3625, 0.054]
[0.2, 0.363, 0.0545]
[0.2, 0.3635, 0.055]
[0.2, 0.364, 0.0555]
[0.2, 0.3645, 0.056]
[0.2, 0.3645, 0.0565]
[0.2, 0.365, 0.057]
[0.2, 0.3655, 0.0575]
[0.2, 0.366, 0.058]
[0.2, 0.3665, 0.0585]
[0.2, 0.367, 0.059]
[0.2, 0.3675, 0.0595]
[0.2, 0.368, 0.06]
[0.2, 0.3685, 0.0605]
[0.2, 0.3685, 0.061]
[0.2, 0.369, 0.0615]
[0.2, 0.369, 0.062]
[0.2, 0.3695, 0.0625]
[0.2, 0.3695, 0.063]
[0.2, 0.37, 0.0635]
[0.2, 0.37, 0.064]
[0.2, 0.3705, 0.0645]
[0.2, 0.3705, 0.065]
[0.2, 0.3705, 0.0655]
[0.2, 0.3705, 0.066]
[0.2, 0.3705, 0.0665]
[0.2, 0.3705, 0.067]
[0.2, 0.3705, 0.0675]
[0.2, 0.3705, 0.068]
[0.2, 0.3705, 0.0685]
[0.2, 0.3705, 0.069]
[0.2, 0.37, 0.0695]
[0.2, 0.37, 0.07]
[0.2, 0.37, 0.0705]
[0.2, 0.3705, 0.071]
[0.2, 0.3705, 0.0715]
[0.2, 0.3705, 0.072]
[0.2, 0.3705, 0.0725]
[0.2, 0.371, 0.073]
[0.2, 0.371, 0.0735]
[0.2, 0.371, 0.074]
[0.2, 0.371, 0.0745]
[0.2, 0.3715, 0.075]
[0.2, 0.3715, 0.0755]
[0.2, 0.3715, 0.076]
[0.2, 0.372, 0.0765]
[0.2, 0.372, 0.077]
[0.2, 0.3725, 0.0775]
[0.2, 0.3725, 0.078]
[0.2, 0.373, 0.0785]
[0.2, 0.373, 0.079]
[0.2, 0.3735, 0.0795]
[0.2, 0.374, 0.08]
[0.2, 0.374, 0.0805]
[0.2, 0.3745, 0.081]
[0.2, 0.3745, 0.0815]
[0.2, 0.375, 0.082]
[0.2, 0.375, 0.0825]
[0.2, 0.3755, 0.083]
[0.2, 0.376, 0.0835]
[0.2, 0.3765, 0.084]
[0.2, 0.3765, 0.0845]
[0.2, 0.377, 0.085]
[0.2, 0.3775, 0.0855]
[0.2, 0.378, 0.086]
[0.2, 0.378, 0.0865]
[0.2, 0.3785, 0.087]
[0.2, 0.379, 0.0875]
[0.2, 0.3795, 0.088]
[0.2, 0.38, 0.0885]
[0.2, 0.38, 0.089]
[0.2, 0.3805, 0.0895]
[0.2, 0.381, 0.09]
[0.2, 0.3815, 0.0905]
[0.2, 0.382, 0.091]
[0.2, 0.3825, 0.0915]
[0.2, 0.383, 0.092]
[0.2, 0.383, 0.0925]
[0.2, 0.3835, 0.093]
[0.2, 0.384, 0.0935]
[0.2, 0.3845, 0.094]
[0.2, 0.385, 0.0945]
[0.2, 0.3855, 0.095]
[0.2, 0.386, 0.0955]
[0.2, 0.3865, 0.096]
[0.2, 0.3865, 0.0965]
[0.2, 0.387, 0.097]
[0.2, 0.3875, 0.0975]
[0.2, 0.388, 0.098]
[0.2, 0.3885, 0.0985]
[0.2, 0.389, 0.099]
[0.2, 0.389, 0.0985]
[0.2, 0.3885, 0.098]
[0.2, 0.388, 0.098]
[0.2, 0.3875, 0.0975]
[0.2, 0.387, 0.097]
[0.2, 0.387, 0.0965]
[0.2, 0.3865, 0.096]
[0.2, 0.386, 0.0955]
[0.2, 0.3855, 0.095]
[0.2, 0.385, 0.0945]
[0.2, 0.3845, 0.094]
[0.2, 0.384, 0.0935]
[0.2, 0.3835, 0.093]
[0.2, 0.3835, 0.0925]
[0.2, 0.383, 0.092]
[0.2, 0.3825, 0.0915]
[0.2, 0.382, 0.091]
[0.2, 0.3815, 0.0905]
[0.2, 0.381, 0.09]
[0.2, 0.3805, 0.0895]
[0.2, 0.3805, 0.089]
[0.2, 0.38, 0.0885]
[0.2, 0.3795, 0.088]
[0.2, 0.379, 0.0875]
[0.2, 0.3785, 0.087]
[0.2, 0.378, 0.0865]
[0.2, 0.378, 0.086]
[0.2, 0.3775, 0.0855]
[0.2, 0.377, 0.085]
[0.2, 0.377, 0.0845]
[0.2, 0.3765, 0.084]
[0.2, 0.376, 0.0835]
[0.2, 0.376, 0.083]
[0.2, 0.3755, 0.0825]
[0.2, 0.375, 0.082]
[0.2, 0.375, 0.0815]
[0.2, 0.3745, 0.081]
[0.2, 0.374, 0.0805]
[0.2, 0.374, 0.08]
[0.2, 0.3735, 0.0795]
[0.2, 0.373, 0.079]
[0.2, 0.373, 0.0785]
[0.2, 0.3725, 0.078]
[0.2, 0.3725, 0.0775]
[0.2, 0.372, 0.077]
[0.2, 0.372, 0.0765]
[0.2, 0.372, 0.076]
[0.2, 0.3715, 0.0755]
[0.2, 0.3715, 0.075]
[0.2, 0.3715, 0.0745]
[0.2, 0.371, 0.074]
[0.2, 0.371, 0.0735]
[0.2, 0.371, 0.073]
[0.2, 0.3705, 0.0725]
[0.2, 0.3705, 0.072]
[0.2, 0.3705, 0.0715]
[0.2, 0.3705, 0.071]
[0.2, 0.37, 0.0705]
[0.2, 0.37, 0.07]
[0.2, 0.37, 0.0695]
[0.2, 0.3705, 0.069]
[0.2, 0.3705, 0.0685]
[0.2, 0.3705, 0.068]
[0.2, 0.3705, 0.0675]
[0.2, 0.3705, 0.067]
[0.2, 0.3705, 0.0665]
[0.2, 0.3705, 0.066]
[0.2, 0.3705, 0.0655]
[0.2, 0.3705, 0.065]
[0.2, 0.3705, 0.0645]
[0.2, 0.3705, 0.064]
[0.2, 0.37, 0.0635]
[0.2, 0.37, 0.063]
[0.2, 0.3695, 0.0625]
[0.2, 0.369, 0.062]
[0.2, 0.369, 0.0615]
[0.2, 0.3685, 0.061]
[0.2, 0.3685, 0.0605]
[0.2, 0.369, 0.06]
[0.2, 0.3695, 0.06]
[0.2, 0.37, 0.06]
[0.2, 0.3695, 0.06]
[0.2, 0.369, 0.06]
[0.2, 0.3685, 0.06]
[0.2, 0.368, 0.06]
[0.2, 0.3675, 0.0595]
[0.2, 0.367, 0.059]
[0.2, 0.367, 0.0585]
[0.2, 0.3665, 0.058]
[0.2, 0.366, 0.0575]
[0.2, 0.3655, 0.057]
[0.2, 0.365, 0.0565]
[0.2, 0.3645, 0.056]
[0.2, 0.364, 0.0555]
[0.2, 0.364, 0.055]
[0.2, 0.3635, 0.0545]
[0.2, 0.363, 0.054]
[0.2, 0.3625, 0.0535]
[0.2, 0.362, 0.053]
[0.2, 0.3615, 0.0525]
[0.2, 0.361, 0.052]
[0.2, 0.3605, 0.0515]
[0.2, 0.36, 0.051]
[0.2, 0.3595, 0.0505]
[0.2, 0.359, 0.05]
[0.2, 0.3585, 0.0495]
[0.2, 0.3585, 0.049]
[0.2, 0.358, 0.0485]
[0.2, 0.3575, 0.048]
[0.2, 0.357, 0.0475]
[0.2, 0.357, 0.047]
[0.2, 0.3565, 0.0465]
[0.2, 0.356, 0.046]
[0.2, 0.356, 0.0455]
[0.2, 0.3555, 0.045]
[0.2, 0.3555, 0.0445]
[0.2, 0.355, 0.044]
[0.2, 0.355, 0.0435]
[0.2, 0.3545, 0.043]
[0.2, 0.3545, 0.0425]
[0.2, 0.354, 0.042]
[0.2, 0.3535, 0.0415]
[0.2, 0.3535, 0.041]
[0.2, 0.3535, 0.0405]
[0.2, 0.353, 0.04]
[0.2, 0.353, 0.0395]
[0.2, 0.353, 0.039]
[0.2, 0.3525, 0.0385]
[0.2, 0.3525, 0.038]
[0.2, 0.352, 0.0375]
[0.2, 0.352, 0.037]
[0.2, 0.3515, 0.0365]
[0.2, 0.3515, 0.036]
[0.2, 0.3515, 0.0355]
[0.2, 0.351, 0.035]
[0.2, 0.351, 0.0345]
[0.2, 0.3505, 0.034]
[0.2, 0.3505, 0.0335]
[0.2, 0.3505, 0.033]
[0.2, 0.35, 0.0325]
[0.2, 0.35, 0.032]
[0.2, 0.35, 0.0315]
[0.2, 0.35, 0.031]
[0.2, 0.35, 0.0305]
[0.2, 0.3495, 0.03]
[0.2, 0.3495, 0.0295]
[0.2, 0.3495, 0.029]
[0.2, 0.3495, 0.0285]
[0.2, 0.3495, 0.028]
[0.2, 0.3495, 0.0275]
[0.2, 0.3495, 0.027]
[0.2, 0.3495, 0.0265]
[0.2, 0.3495, 0.026]
[0.2, 0.3495, 0.0255]
[0.2, 0.3495, 0.025]
[0.2, 0.3495, 0.0245]
[0.2, 0.3495, 0.024]
[0.2, 0.3495, 0.0235]
[0.2, 0.3495, 0.023]
[0.2, 0.3495, 0.0225]
[0.2, 0.3495, 0.022]
[0.2, 0.3495, 0.0215]
[0.2, 0.3495, 0.021]
[0.2, 0.3495, 0.0205]
[0.2, 0.3495, 0.02]
[0.2, 0.3495, 0.0195]
[0.2, 0.3495, 0.019]
[0.2, 0.3495, 0.0185]
[0.2, 0.3495, 0.018]
[0.2, 0.3495, 0.0175]
[0.2, 0.3495, 0.017]
[0.2, 0.3495, 0.0165]
[0.2, 0.3495, 0.016]
[0.2, 0.3495, 0.0155]
[0.2, 0.3495, 0.015]
[0.2, 0.3495, 0.0145]
[0.2, 0.3495, 0.014]
[0.2, 0.3495, 0.0135]
[0.2, 0.3495, 0.013]
[0.2, 0.3495, 0.0125]
[0.2, 0.3495, 0.012]
[0.2, 0.3495, 0.0115]
[0.2, 0.3495, 0.011]
[0.2, 0.3495, 0.0105]
[0.2, 0.3495, 0.01]
[0.2, 0.3495, 0.0095]
[0.2, 0.3495, 0.009]
[0.2, 0.3495, 0.0085]
[0.2, 0.3495, 0.008]
[0.2, 0.3495, 0.0075]
[0.2, 0.3495, 0.007]
[0.2, 0.3495, 0.0065]
[0.2, 0.3495, 0.006]
[0.2, 0.35, 0.0055]
[0.2, 0.3505, 0.006]
[0.2, 0.351, 0.0065]
[0.2, 0.351, 0.007]
[0.2, 0.351, 0.0075]
[0.2, 0.351, 0.007]
[0.2, 0.351, 0.0065]
[0.2, 0.351, 0.006]
[0.2, 0.3505, 0.006]
[0.2, 0.35, 0.0055]
[0.2, 0.3495, 0.005]
[0.2, 0.3495, 0.0045]
[0.2, 0.3495, 0.004]
[0.2, 0.349, 0.004]
[0.2, 0.3485, 0.0035]
[0.2, 0.348, 0.003]
[0.2, 0.348, 0.0025]
[0.2, 0.348, 0.002]
[0.2, 0.3485, 0.0015]
[0.2, 0.349, 0.0015]
[0.2, 0.3495, 0.0015]
[0.2, 0.3495, 0.001]
[0.2, 0.35, 0.0005]
[0.2, 0.35, 0]
[0.2, 0.35, 0.0005]
[0.2, 0.3495, 0.001]
[0.2, 0.349, 0.0015]
[0.2, 0.3485, 0.0015]
[0.2, 0.348, 0.001]
[0.2, 0.348, 0.0005]
[0.2, 0.348, 0]
[0.2, 0.348, -0.0005]
[0.2, 0.348, -0.001]
[0.2, 0.3475, -0.0015]
[0.2, 0.3475, -0.002]
[0.2, 0.3475, -0.0025]
[0.2, 0.3475, -0.003]
[0.2, 0.348, -0.0035]
[0.2, 0.3485, -0.0035]
[0.2, 0.349, -0.004]
[0.2, 0.3495, -0.004]
[0.2, 0.35, -0.004]
[0.2, 0.3505, -0.004]
[0.2, 0.351, -0.004]
[0.2, 0.3515, -0.0035]
[0.2, 0.352, -0.003]
[0.2, 0.352, -0.0025]
[0.2, 0.352, -0.002]
[0.2, 0.352, -0.0015]
[0.2, 0.352, -0.001]
[0.2, 0.352, -0.0005]
[0.2, 0.352, 0]
[0.2, 0.352, 0.0005]
[0.2, 0.352, 0.001]
[0.2, 0.352, 0.0015]
[0.2, 0.3515, 0.002]
[0.2, 0.351, 0.0025]
[0.2, 0.351, 0.003]
[0.2, 0.3515, 0.0035]
[0.2, 0.352, 0.0035]
[0.2, 0.3525, 0.004]
[0.2, 0.3525, 0.0045]
[0.2, 0.353, 0.005]
[0.2, 0.353, 0.0055]
[0.2, 0.353, 0.006]
[0.2, 0.3535, 0.0065]
[0.2, 0.3535, 0.007]
[0.2, 0.354, 0.0075]
[0.2, 0.3535, 0.008]
[0.2, 0.353, 0.0085]
[0.2, 0.3535, 0.008]
[0.2, 0.354, 0.008]
[0.2, 0.3545, 0.0085]
[0.2, 0.3545, 0.009]
[0.2, 0.354, 0.0095]
[0.2, 0.354, 0.01]
[0.2, 0.3535, 0.0105]
[0.2, 0.354, 0.01]
[0.2, 0.3545, 0.0095]
[0.2, 0.355, 0.0095]
[0.2, 0.3555, 0.01]
[0.2, 0.356, 0.01]
[0.2, 0.3565, 0.0105]
[0.2, 0.3565, 0.011]
[0.2, 0.357, 0.011]
[0.2, 0.3575, 0.011]
[0.2, 0.358, 0.011]
[0.2, 0.3585, 0.011]
[0.2, 0.359, 0.011]
[0.2, 0.3595, 0.011]
[0.2, 0.36, 0.0115]
[0.2, 0.3605, 0.0115]
[0.2, 0.361, 0.0115]
[0.2, 0.3615, 0.0115]
[0.2, 0.362, 0.0115]
[0.2, 0.3625, 0.012]
[0.2, 0.363, 0.012]
[0.2, 0.3635, 0.012]
[0.2, 0.364, 0.012]
[0.2, 0.3645, 0.012]
[0.2, 0.365, 0.012]
[0.2, 0.3655, 0.012]
[0.2, 0.366, 0.012]
[0.2, 0.3665, 0.012]
[0.2, 0.367, 0.0125]
[0.2, 0.3675, 0.0125]
[0.2, 0.368, 0.012]
[0.2, 0.3685, 0.012]
[0.2, 0.369, 0.012]
[0.2, 0.3695, 0.012]
[0.2, 0.37, 0.012]
[0.2, 0.3705, 0.012]
[0.2, 0.371, 0.012]
[0.2, 0.3715, 0.012]
[0.2, 0.372, 0.012]
[0.2, 0.3725, 0.012]
[0.2, 0.373, 0.012]
[0.2, 0.3735, 0.0115]
[0.2, 0.374, 0.0115]
[0.2, 0.3745, 0.0115]
[0.2, 0.375, 0.0115]
[0.2, 0.3755, 0.0115]
[0.2, 0.376, 0.0115]
[0.2, 0.3765, 0.011]
[0.2, 0.377, 0.011]
[0.2, 0.3775, 0.011]
[0.2, 0.378, 0.011]
[0.2, 0.3785, 0.0105]
[0.2, 0.379, 0.0105]
[0.2, 0.3795, 0.0105]
[0.2, 0.38, 0.0105]
[0.2, 0.3805, 0.0105]
[0.2, 0.381, 0.0105]
[0.2, 0.3815, 0.01]
[0.2, 0.382, 0.0095]
[0.2, 0.3825, 0.009]
[0.2, 0.383, 0.0085]
[0.2, 0.3835, 0.008]
[0.2, 0.384, 0.0075]
[0.2, 0.384, 0.007]
[0.2, 0.3845, 0.0065]
[0.2, 0.3845, 0.006]
[0.2, 0.385, 0.0055]
[0.2, 0.3855, 0.005]
[0.2, 0.3855, 0.0045]
[0.2, 0.386, 0.004]
[0.2, 0.386, 0.0035]
[0.2, 0.3865, 0.003]
[0.2, 0.387, 0.0025]
[0.2, 0.387, 0.002]
[0.2, 0.387, 0.0015]
[0.2, 0.3875, 0.001]
[0.2, 0.3875, 0.0005]
[0.2, 0.388, 0]
[0.2, 0.388, -0.0005]
[0.2, 0.3885, -0.001]
[0.2, 0.3885, -0.0015]
[0.2, 0.3885, -0.002]
[0.2, 0.3885, -0.0025]
[0.2, 0.3885, -0.003]
[0.2, 0.389, -0.0035]
[0.2, 0.389, -0.004]
[0.2, 0.389, -0.0045]
[0.2, 0.389, -0.005]
[0.2, 0.3895, -0.0055]
[0.2, 0.3895, -0.006]
[0.2, 0.39, -0.0065]
[0.2, 0.39, -0.007]
[0.2, 0.3905, -0.0075]
[0.2, 0.391, -0.008]
[0.2, 0.3915, -0.008]
[0.2, 0.392, -0.008]
[0.2, 0.3925, -0.008]
[0.2, 0.393, -0.008]
[0.2, 0.3935, -0.008]
[0.2, 0.394, -0.008]
[0.2, 0.3945, -0.008]
[0.2, 0.395, -0.008]
[0.2, 0.3955, -0.008]
[0.2, 0.396, -0.008]
[0.2, 0.3965, -0.008]
[0.2, 0.397, -0.0075]
[0.2, 0.397, -0.007]
[0.2, 0.3975, -0.0065]
[0.2, 0.3975, -0.006]
[0.2, 0.398, -0.0055]
[0.2, 0.398, -0.005]
[0.2, 0.398, -0.0045]
[0.2, 0.3985, -0.004]
[0.2, 0.3985, -0.0035]
[0.2, 0.399, -0.003]
[0.2, 0.399, -0.0025]
[0.2, 0.3995, -0.002]
[0.2, 0.3995, -0.0015]
[0.2, 0.3995, -0.001]
[0.2, 0.4, -0.0005]
[0.2, 0.4, 0]
[0.2, 0.4005, 0.0005]
[0.2, 0.401, 0.001]
[0.2, 0.401, 0.0015]
[0.2, 0.4015, 0.002]
[0.2, 0.402, 0.0025]
[0.2, 0.402, 0.003]
[0.2, 0.402, 0.0025]
[0.2, 0.4015, 0.002]
[0.2, 0.4015, 0.0015]
[0.2, 0.401, 0.001]
[0.2, 0.4005, 0.0005]
[0.2, 0.4005, 0]
[0.2, 0.4, -0.0005]
[0.2, 0.4, -0.001]
[0.2, 0.3995, -0.0015]
[0.2, 0.3995, -0.002]
[0.2, 0.399, -0.0025]
[0.2, 0.399, -0.003]
[0.2, 0.3985, -0.0035]
[0.2, 0.3985, -0.004]
[0.2, 0.398, -0.0045]
[0.2, 0.398, -0.005]
[0.2, 0.398, -0.0055]
[0.2, 0.3975, -0.006]
[0.2, 0.3975, -0.0065]
[0.2, 0.3975, -0.007]
[0.2, 0.397, -0.0075]
[0.2, 0.3965, -0.008]
[0.2, 0.396, -0.008]
[0.2, 0.3955, -0.008]
[0.2, 0.395, -0.008]
[0.2, 0.3945, -0.008]
[0.2, 0.394, -0.008]
[0.2, 0.3935, -0.008]
[0.2, 0.393, -0.008]
[0.2, 0.3925, -0.008]
[0.2, 0.392, -0.008]
[0.2, 0.3915, -0.008]
[0.2, 0.391, -0.008]
[0.2, 0.3905, -0.0075]
[0.2, 0.39, -0.007]
[0.2, 0.3895, -0.0065]
[0.2, 0.389, -0.007]
[0.2, 0.3885, -0.0075]
[0.2, 0.388, -0.0075]
[0.2, 0.3875, -0.008]
[0.2, 0.387, -0.008]
[0.2, 0.3865, -0.008]
[0.2, 0.386, -0.008]
[0.2, 0.3855, -0.0085]
[0.2, 0.385, -0.009]
[0.2, 0.385, -0.0095]
[0.2, 0.385, -0.01]
[0.2, 0.3845, -0.01]
[0.2, 0.384, -0.0105]
[0.2, 0.3835, -0.011]
[0.2, 0.383, -0.011]
[0.2, 0.3825, -0.0115]
[0.2, 0.382, -0.0115]
[0.2, 0.3815, -0.0115]
[0.2, 0.381, -0.012]
[0.2, 0.3805, -0.0125]
[0.2, 0.38, -0.0125]
[0.2, 0.3795, -0.0125]
[0.2, 0.379, -0.0125]
[0.2, 0.3785, -0.013]
[0.2, 0.378, -0.013]
[0.2, 0.3775, -0.0135]
[0.2, 0.377, -0.014]
[0.2, 0.3765, -0.014]
[0.2, 0.376, -0.014]
[0.2, 0.3755, -0.014]
[0.2, 0.375, -0.014]
[0.2, 0.3745, -0.014]
[0.2, 0.374, -0.014]
[0.2, 0.3735, -0.014]
[0.2, 0.373, -0.014]
[0.2, 0.3725, -0.014]
[0.2, 0.372, -0.014]
[0.2, 0.3715, -0.014]
[0.2, 0.371, -0.014]
[0.2, 0.3705, -0.014]
[0.2, 0.37, -0.014]
[0.2, 0.3695, -0.014]
[0.2, 0.369, -0.014]
[0.2, 0.3685, -0.014]
[0.2, 0.368, -0.014]
[0.2, 0.3675, -0.014]
[0.2, 0.367, -0.014]
[0.2, 0.3665, -0.014]
[0.2, 0.366, -0.014]
[0.2, 0.3655, -0.014]
[0.2, 0.365, -0.0135]
[0.2, 0.3655, -0.014]
[0.2, 0.366, -0.014]
[0.2, 0.3665, -0.014]
[0.2, 0.367, -0.014]
[0.2, 0.3675, -0.014]
[0.2, 0.368, -0.014]
[0.2, 0.3685, -0.014]
[0.2, 0.369, -0.014]
[0.2, 0.3695, -0.014]
[0.2, 0.37, -0.014]
[0.2, 0.3705, -0.014]
[0.2, 0.371, -0.014]
[0.2, 0.3715, -0.014]
[0.2, 0.372, -0.014]
[0.2, 0.3725, -0.014]
[0.2, 0.373, -0.014]
[0.2, 0.3735, -0.014]
[0.2, 0.374, -0.014]
[0.2, 0.3745, -0.014]
[0.2, 0.375, -0.014]
[0.2, 0.3755, -0.014]
[0.2, 0.376, -0.014]
[0.2, 0.3765, -0.014]
[0.2, 0.377, -0.0135]
[0.2, 0.3775, -0.0135]
[0.2, 0.378, -0.013]
[0.2, 0.3785, -0.013]
[0.2, 0.379, -0.0125]
[0.2, 0.3795, -0.0125]
[0.2, 0.38, -0.0125]
[0.2, 0.3805, -0.012]
[0.2, 0.381, -0.0115]
[0.2, 0.381, -0.011]
[0.2, 0.381, -0.0105]
[0.2, 0.381, -0.011]
[0.2, 0.3815, -0.0115]
[0.2, 0.382, -0.0115]
[0.2, 0.3825, -0.0115]
[0.2, 0.383, -0.011]
[0.2, 0.3835, -0.0105]
[0.2, 0.384, -0.01]
[0.2, 0.3845, -0.01]
[0.2, 0.385, -0.0095]
[0.2, 0.385, -0.009]
[0.2, 0.3855, -0.0085]
[0.2, 0.386, -0.008]
[0.2, 0.386, -0.0075]
[0.2, 0.386, -0.007]
[0.2, 0.386, -0.0065]
[0.2, 0.386, -0.006]
[0.2, 0.386, -0.0055]
[0.2, 0.386, -0.005]
[0.2, 0.386, -0.0045]
[0.2, 0.3855, -0.004]
[0.2, 0.385, -0.0035]
[0.2, 0.385, -0.003]
[0.2, 0.385, -0.0025]
[0.2, 0.3845, -0.002]
[0.2, 0.3845, -0.0015]
[0.2, 0.3845, -0.001]
[0.2, 0.3845, -0.0005]
[0.2, 0.3845, 0]
[0.2, 0.3845, 0.0005]
[0.2, 0.3845, 0.001]
[0.2, 0.3845, 0.0005]
[0.2, 0.3845, 0]
[0.2, 0.3845, -0.0005]
[0.2, 0.3845, -0.001]
[0.2, 0.3845, -0.0015]
[0.2, 0.3845, -0.002]
[0.2, 0.385, -0.0025]
[0.2, 0.385, -0.003]
[0.2, 0.385, -0.0035]
[0.2, 0.3855, -0.004]
[0.2, 0.386, -0.0045]
[0.2, 0.386, -0.005]
[0.2, 0.386, -0.0055]
[0.2, 0.386, -0.006]
[0.2, 0.386, -0.0065]
[0.2, 0.386, -0.007]
[0.2, 0.386, -0.0075]
[0.2, 0.3865, -0.008]
[0.2, 0.387, -0.008]
[0.2, 0.3875, -0.008]
[0.2, 0.388, -0.0075]
[0.2, 0.3885, -0.0075]
[0.2, 0.389, -0.007]
[0.2, 0.3895, -0.0065]
[0.2, 0.3895, -0.006]
[0.2, 0.3895, -0.0055]
[0.2, 0.389, -0.005]
[0.2, 0.389, -0.0045]
[0.2, 0.389, -0.004]
[0.2, 0.389, -0.0035]
[0.2, 0.3885, -0.003]
[0.2, 0.3885, -0.0025]
[0.2, 0.3885, -0.002]
[0.2, 0.3885, -0.0015]
[0.2, 0.388, -0.001]
[0.2, 0.388, -0.0005]
[0.2, 0.388, 0]
[0.2, 0.3875, 0.0005]
[0.2, 0.3875, 0.001]
[0.2, 0.387, 0.0015]
[0.2, 0.387, 0.002]
[0.2, 0.3865, 0.0025]
[0.2, 0.3865, 0.003]
[0.2, 0.386, 0.0035]
[0.2, 0.386, 0.004]
[0.2, 0.3855, 0.0045]
[0.2, 0.3855, 0.005]
[0.2, 0.385, 0.0055]
[0.2, 0.3845, 0.006]
[0.2, 0.3845, 0.0065]
[0.2, 0.384, 0.007]
[0.2, 0.384, 0.0075]
[0.2, 0.3835, 0.008]
[0.2, 0.383, 0.0085]
[0.2, 0.3825, 0.009]
[0.2, 0.382, 0.0095]
[0.2, 0.3815, 0.01]
[0.2, 0.381, 0.0105]
[0.2, 0.3805, 0.0105]
[0.2, 0.38, 0.0105]
[0.2, 0.3795, 0.0105]
[0.2, 0.379, 0.0105]
[0.2, 0.3785, 0.0105]
[0.2, 0.378, 0.0105]
[0.2, 0.3775, 0.011]
[0.2, 0.377, 0.011]
[0.2, 0.3765, 0.011]
[0.2, 0.376, 0.011]
[0.2, 0.3755, 0.0115]
[0.2, 0.375, 0.0115]
[0.2, 0.3745, 0.0115]
[0.2, 0.374, 0.0115]
[0.2, 0.3735, 0.0115]
[0.2, 0.373, 0.012]
[0.2, 0.3725, 0.012]
[0.2, 0.372, 0.012]
[0.2, 0.3715, 0.012]
[0.2, 0.371, 0.012]
[0.2, 0.3705, 0.012]
[0.2, 0.37, 0.012]
[0.2, 0.3695, 0.012]
[0.2, 0.369, 0.012]
[0.2, 0.3685, 0.012]
[0.2, 0.368, 0.012]
[0.2, 0.3675, 0.0125]
[0.2, 0.367, 0.0125]
[0.2, 0.3665, 0.012]
[0.2, 0.366, 0.012]
[0.2, 0.3655, 0.012]
[0.2, 0.365, 0.012]
[0.2, 0.3645, 0.012]
[0.2, 0.364, 0.012]
[0.2, 0.3635, 0.012]
[0.2, 0.363, 0.012]
[0.2, 0.3625, 0.012]
[0.2, 0.362, 0.0115]
[0.2, 0.3615, 0.0115]
[0.2, 0.361, 0.0115]
[0.2, 0.3605, 0.0115]
[0.2, 0.36, 0.0115]
[0.2, 0.3595, 0.011]
[0.2, 0.359, 0.011]
[0.2, 0.3585, 0.011]
[0.2, 0.358, 0.011]
[0.2, 0.3575, 0.011]
[0.2, 0.357, 0.011]
[0.2, 0.3565, 0.0105]
[0.2, 0.356, 0.01]
[0.2, 0.3555, 0.0095]
[0.2, 0.355, 0.0095]
[0.2, 0.3545, 0.009]
[0.2, 0.3545, 0.0085]
[0.2, 0.354, 0.008]
[0.2, 0.354, 0.0075]
[0.2, 0.3535, 0.007]
[0.2, 0.3535, 0.0065]
[0.2, 0.353, 0.006]
[0.2, 0.353, 0.0055]
[0.2, 0.353, 0.005]
[0.2, 0.3525, 0.0045]
[0.2, 0.3525, 0.004]
[0.2, 0.3525, 0.0035]
[0.2, 0.3525, 0.003]
[0.2, 0.3525, 0.0025]
[0.2, 0.352, 0.002]
[0.2, 0.352, 0.0015]
[0.2, 0.352, 0.001]
[0.2, 0.352, 0.0005]
[0.2, 0.352, 0]
[0.2, 0.352, -0.0005]
[0.2, 0.352, -0.001]
[0.2, 0.352, -0.0015]
[0.2, 0.352, -0.002]
[0.2, 0.352, -0.0025]
[0.2, 0.352, -0.003]
[0.2, 0.3515, -0.0035]
[0.2, 0.3515, -0.004]
[0.2, 0.351, -0.004]
[0.2, 0.3505, -0.004]
[0.2, 0.35, -0.004]
[0.2, 0.3495, -0.004]
[0.2, 0.349, -0.0045]
[0.2, 0.349, -0.005]
[0.2, 0.3485, -0.0055]
[0.2, 0.348, -0.0055]
[0.2, 0.348, -0.005]
[0.2, 0.348, -0.0045]
[0.2, 0.3485, -0.004]
[0.2, 0.348, -0.0035]
[0.2, 0.3475, -0.003]
[0.2, 0.3475, -0.0025]
[0.2, 0.3475, -0.002]
[0.2, 0.3475, -0.0015]
[0.2, 0.348, -0.001]
[0.2, 0.348, -0.0005]
[0.2, 0.348, 0]
[0.2, 0.348, 0.0005]
[0.2, 0.348, 0.001]
[0.2, 0.348, 0.0015]
[0.2, 0.348, 0.002]
[0.2, 0.348, 0.0025]
[0.2, 0.348, 0.003]
[0.2, 0.3485, 0.0035]
[0.2, 0.349, 0.004]
[0.2, 0.3495, 0.0045]
[0.2, 0.3495, 0.005]
[0.2, 0.3495, 0.0055]
[0.2, 0.3495, 0.006]
[0.2, 0.3495, 0.0065]
[0.2, 0.3495, 0.007]
[0.2, 0.3495, 0.0075]
[0.2, 0.3495, 0.008]
[0.2, 0.3495, 0.0085]
[0.2, 0.3495, 0.009]
[0.2, 0.3495, 0.0095]
[0.2, 0.3495, 0.01]
[0.2, 0.3495, 0.0105]
[0.2, 0.3495, 0.011]
[0.2, 0.3495, 0.0115]
[0.2, 0.3495, 0.012]
[0.2, 0.3495, 0.0125]
[0.2, 0.3495, 0.013]
[0.2, 0.3495, 0.0135]
[0.2, 0.3495, 0.014]
[0.2, 0.3495, 0.0145]
[0.2, 0.3495, 0.015]
[0.2, 0.3495, 0.0155]
[0.2, 0.3495, 0.016]
[0.2, 0.3495, 0.0165]
[0.2, 0.3495, 0.017]
[0.2, 0.3495, 0.0175]
[0.2, 0.3495, 0.018]
[0.2, 0.3495, 0.0185]
[0.2, 0.3495, 0.019]
[0.2, 0.3495, 0.0195]
[0.2, 0.3495, 0.02]
[0.2, 0.3495, 0.0205]
[0.2, 0.3495, 0.021]
[0.2, 0.3495, 0.0215]
[0.2, 0.3495, 0.022]
[0.2, 0.349, 0.0225]
[0.2, 0.3485, 0.0225]
[0.2, 0.348, 0.0225]
[0.2, 0.3475, 0.022]
[0.2, 0.347, 0.0215]
[0.2, 0.347, 0.021]
[0.2, 0.347, 0.0205]
[0.2, 0.347, 0.02]
[0.2, 0.347, 0.0195]
[0.2, 0.3465, 0.019]
[0.2, 0.3465, 0.0185]
[0.2, 0.3465, 0.018]
[0.2, 0.3465, 0.0175]
[0.2, 0.3465, 0.017]
[0.2, 0.3465, 0.0165]
[0.2, 0.3465, 0.016]
[0.2, 0.346, 0.0155]
[0.2, 0.346, 0.015]
[0.2, 0.346, 0.0145]
[0.2, 0.346, 0.014]
[0.2, 0.3455, 0.0135]
[0.2, 0.3455, 0.013]
[0.2, 0.3455, 0.0125]
[0.2, 0.3455, 0.012]
[0.2, 0.3455, 0.0115]
[0.2, 0.345, 0.011]
[0.2, 0.345, 0.0105]
[0.2, 0.345, 0.01]
[0.2, 0.345, 0.0095]
[0.2, 0.345, 0.009]
[0.2, 0.345, 0.0085]
[0.2, 0.345, 0.008]
[0.2, 0.345, 0.0075]
[0.2, 0.345, 0.007]
[0.2, 0.345, 0.0065]
[0.2, 0.345, 0.006]
[0.2, 0.345, 0.0055]
[0.2, 0.3445, 0.005]
[0.2, 0.3445, 0.0045]
[0.2, 0.344, 0.004]
[0.2, 0.344, 0.0035]
[0.2, 0.344, 0.003]
[0.2, 0.3435, 0.0025]
[0.2, 0.344, 0.002]
[0.2, 0.344, 0.0015]
[0.2, 0.344, 0.001]
[0.2, 0.344, 0.0005]
[0.2, 0.344, 0]
[0.2, 0.344, -0.0005]
[0.2, 0.344, -0.001]
[0.2, 0.344, -0.0015]
[0.2, 0.344, -0.002]
[0.2, 0.344, -0.0025]
[0.2, 0.3435, -0.003]
[0.2, 0.3435, -0.0035]
[0.2, 0.3435, -0.004]
[0.2, 0.3435, -0.0045]
[0.2, 0.343, -0.005]
[0.2, 0.343, -0.0055]
[0.2, 0.343, -0.006]
[0.2, 0.3425, -0.0065]
[0.2, 0.3425, -0.007]
[0.2, 0.342, -0.0075]
[0.2, 0.342, -0.008]
[0.2, 0.342, -0.0085]
[0.2, 0.342, -0.009]
[0.2, 0.3415, -0.0095]
[0.2, 0.341, -0.0095]
[0.2, 0.3405, -0.01]
[0.2, 0.34, -0.01]
[0.2, 0.3395, -0.0105]
[0.2, 0.339, -0.011]
[0.2, 0.339, -0.0115]
[0.2, 0.339, -0.012]
[0.2, 0.3385, -0.0125]
[0.2, 0.3385, -0.013]
[0.2, 0.339, -0.0135]
[0.2, 0.339, -0.014]
[0.2, 0.339, -0.0145]
[0.2, 0.3395, -0.015]
[0.2, 0.3395, -0.0155]
[0.2, 0.34, -0.016]
[0.2, 0.34, -0.0165]
[0.2, 0.3405, -0.017]
[0.2, 0.341, -0.017]
[0.2, 0.3415, -0.017]
[0.2, 0.342, -0.0165]
[0.2, 0.3425, -0.016]
[0.2, 0.343, -0.0155]
[0.2, 0.3435, -0.0155]
[0.2, 0.344, -0.015]
[0.2, 0.3445, -0.0145]
[0.2, 0.3445, -0.014]
[0.2, 0.345, -0.0135]
[0.2, 0.3455, -0.013]
[0.2, 0.3455, -0.0125]
[0.2, 0.3455, -0.012]
[0.2, 0.346, -0.0115]
[0.2, 0.346, -0.011]
[0.2, 0.3465, -0.0105]
[0.2, 0.347, -0.0105]
[0.2, 0.3475, -0.01]
[0.2, 0.348, -0.0095]
[0.2, 0.3485, -0.009]
[0.2, 0.349, -0.0085]
[0.2, 0.3495, -0.008]
[0.2, 0.35, -0.008]
[0.2, 0.3505, -0.0075]
[0.2, 0.351, -0.0075]
[0.2, 0.3515, -0.0075]
[0.2, 0.352, -0.007]
[0.2, 0.3515, -0.0075]
[0.2, 0.351, -0.0075]
[0.2, 0.3505, -0.0075]
[0.2, 0.35, -0.008]
[0.2, 0.3495, -0.0085]
[0.2, 0.349, -0.0085]
[0.2, 0.3485, -0.009]
[0.2, 0.348, -0.0095]
[0.2, 0.3475, -0.01]
[0.2, 0.347, -0.0105]
[0.2, 0.3465, -0.011]
[0.2, 0.346, -0.0115]
[0.2, 0.3455, -0.012]
[0.2, 0.3455, -0.0125]
[0.2, 0.3455, -0.013]
[0.2, 0.345, -0.0135]
[0.2, 0.345, -0.014]
[0.2, 0.3445, -0.0145]
[0.2, 0.344, -0.015]
[0.2, 0.3445, -0.0155]
[0.2, 0.345, -0.0155]
[0.2, 0.345, -0.016]
[0.2, 0.345, -0.0165]
[0.2, 0.345, -0.017]
[0.2, 0.3455, -0.0175]
[0.2, 0.3455, -0.018]
[0.2, 0.3455, -0.0185]
[0.2, 0.3455, -0.019]
[0.2, 0.3455, -0.0195]
[0.2, 0.3455, -0.02]
[0.2, 0.3455, -0.0205]
[0.2, 0.3455, -0.021]
[0.2, 0.3455, -0.0215]
[0.2, 0.3455, -0.022]
[0.2, 0.3455, -0.0225]
[0.2, 0.3455, -0.023]
[0.2, 0.3455, -0.0235]
[0.2, 0.3455, -0.024]
[0.2, 0.346, -0.0245]
[0.2, 0.346, -0.025]
[0.2, 0.346, -0.0255]
[0.2, 0.3465, -0.026]
[0.2, 0.3465, -0.0265]
[0.2, 0.3465, -0.027]
[0.2, 0.3465, -0.0275]
[0.2, 0.3465, -0.028]
[0.2, 0.3465, -0.0285]
[0.2, 0.347, -0.029]
[0.2, 0.347, -0.0295]
[0.2, 0.347, -0.03]
[0.2, 0.347, -0.0305]
[0.2, 0.347, -0.031]
[0.2, 0.347, -0.0315]
[0.2, 0.3475, -0.032]
[0.2, 0.3475, -0.0325]
[0.2, 0.3475, -0.033]
[0.2, 0.3475, -0.0335]
[0.2, 0.3475, -0.034]
[0.2, 0.3475, -0.0345]
[0.2, 0.3475, -0.035]
[0.2, 0.3475, -0.0355]
[0.2, 0.348, -0.036]
[0.2, 0.348, -0.0365]
[0.2, 0.348, -0.037]
[0.2, 0.348, -0.0375]
[0.2, 0.3485, -0.038]
[0.2, 0.349, -0.038]
[0.2, 0.3495, -0.0385]
[0.2, 0.349, -0.038]
[0.2, 0.3485, -0.038]
[0.2, 0.348, -0.0385]
[0.2, 0.348, -0.039]
[0.2, 0.348, -0.0395]
[0.2, 0.348, -0.04]
[0.2, 0.3485, -0.0405]
[0.2, 0.349, -0.041]
[0.2, 0.3495, -0.041]
[0.2, 0.35, -0.041]
[0.2, 0.35, -0.0415]
[0.2, 0.3495, -0.042]
[0.2, 0.3495, -0.0425]
[0.2, 0.3495, -0.043]
[0.2, 0.3495, -0.0435]
