[0.2, 0.3665, 0.068]
[0.2, 0.3665, 0.0685]
[0.2, 0.366, 0.069]
[0.2, 0.3655, 0.069]
[0.2, 0.365, 0.069]
[0.2, 0.3645, 0.0685]
[0.2, 0.364, 0.0685]
[0.2, 0.3635, 0.0685]
[0.2, 0.363, 0.069]
[0.2, 0.3625, 0.069]
[0.2, 0.362, 0.069]
[0.2, 0.3615, 0.069]
[0.2, 0.361, 0.0695]
[0.2, 0.3605, 0.0695]
[0.2, 0.36, 0.0695]
[0.2, 0.3595, 0.0695]
[0.2, 0.359, 0.07]
[0.2, 0.3585, 0.07]
[0.2, 0.358, 0.07]
[0.2, 0.3575, 0.07]
[0.2, 0.357, 0.0705]
[0.2, 0.3565, 0.0705]
[0.2, 0.356, 0.0705]
[0.2, 0.3555, 0.0705]
[0.2, 0.355, 0.0705]
[0.2, 0.3545, 0.071]
[0.2, 0.354, 0.071]
[0.2, 0.3535, 0.071]
[0.2, 0.353, 0.071]
[0.2, 0.3525, 0.0715]
[0.2, 0.352, 0.0715]
[0.2, 0.3515, 0.0715]
[0.2, 0.351, 0.072]
[0.2, 0.3505, 0.072]
[0.2, 0.35, 0.072]
[0.2, 0.3495, 0.072]
[0.2, 0.349, 0.0725]
[0.2, 0.3485, 0.0725]
[0.2, 0.348, 0.0725]
[0.2, 0.3475, 0.0725]
[0.2, 0.347, 0.073]
[0.2, 0.3465, 0.073]
[0.2, 0.346, 0.073]
[0.2, 0.3455, 0.073]
[0.2, 0.345, 0.0735]
[0.2, 0.3445, 0.0735]
[0.2, 0.344, 0.0735]
[0.2, 0.3435, 0.0735]
[0.2, 0.343, 0.0735]
[0.2, 0.3425, 0.074]
[0.2, 0.342, 0.074]
[0.2, 0.3415, 0.074]
[0.2, 0.341, 0.074]
[0.2, 0.3405, 0.074]
[0.2, 0.34, 0.0745]
[0.2, 0.3395, 0.0745]
[0.2, 0.339, 0.0745]
[0.2, 0.3385, 0.0745]
[0.2, 0.338, 0.0745]
[0.2, 0.3375, 0.075]
[0.2, 0.337, 0.075]
[0.2, 0.3365, 0.075]
[0.2, 0.336, 0.075]
[0.2, 0.3355, 0.075]
[0.2, 0.335, 0.0755]
[0.2, 0.3345, 0.0755]
[0.2, 0.334, 0.0755]
[0.2, 0.3335, 0.076]
[0.2, 0.333, 0.0765]
[0.2, 0.3325, 0.0765]
[0.2, 0.332, 0.0765]
[0.2, 0.3315, 0.0765]
[0.2, 0.331, 0.0765]
[0.2, 0.3305, 0.0765]
[0.2, 0.33, 0.077]
[0.2, 0.3295, 0.077]
[0.2, 0.329, 0.077]
[0.2, 0.3285, 0.0775]
[0.2, 0.328, 0.0775]
[0.2, 0.3275, 0.0775]
[0.2, 0.327, 0.078]
[0.2, 0.3265, 0.078]
[0.2, 0.326, 0.0785]
[0.2, 0.3255, 0.0785]
[0.2, 0.325, 0.0785]
[0.2, 0.3245, 0.079]
[0.2, 0.324, 0.079]
[0.2, 0.3235, 0.0795]
[0.2, 0.323, 0.0795]
[0.2, 0.3225, 0.0795]
[0.2, 0.322, 0.0795]
[0.2, 0.3215, 0.08]
[0.2, 0.321, 0.08]
[0.2, 0.3205, 0.0805]
[0.2, 0.32, 0.0805]
[0.2, 0.3195, 0.0805]
[0.2, 0.319, 0.081]
[0.2, 0.3185, 0.081]
[0.2, 0.318, 0.0815]
[0.2, 0.3175, 0.0815]
[0.2, 0.317, 0.0815]
[0.2, 0.3165, 0.082]
[0.2, 0.316, 0.082]
[0.2, 0.3155, 0.0825]
[0.2, 0.315, 0.0825]
[0.2, 0.3145, 0.083]
[0.2, 0.314, 0.083]
[0.2, 0.3135, 0.0835]
[0.2, 0.313, 0.0835]
[0.2, 0.3125, 0.084]
[0.2, 0.312, 0.0845]
[0.2, 0.3115, 0.0845]
[0.2, 0.311, 0.0845]
[0.2, 0.3105, 0.0845]
[0.2, 0.31, 0.085]
[0.2, 0.3095, 0.0855]
[0.2, 0.309, 0.0855]
[0.2, 0.3085, 0.0855]
[0.2, 0.308, 0.0855]
[0.2, 0.3075, 0.0855]
[0.2, 0.307, 0.086]
[0.2, 0.3065, 0.086]
[0.2, 0.306, 0.086]
[0.2, 0.3055, 0.086]
[0.2, 0.305, 0.0865]
[0.2, 0.3045, 0.0865]
[0.2, 0.304, 0.087]
[0.2, 0.3035, 0.087]
[0.2, 0.303, 0.0875]
[0.2, 0.3025, 0.0875]
[0.2, 0.302, 0.088]
[0.2, 0.3015, 0.0885]
[0.2, 0.301, 0.0885]
[0.2, 0.3005, 0.0885]
[0.2, 0.301, 0.0885]
[0.2, 0.3015, 0.0885]
[0.2, 0.302, 0.088]
[0.2, 0.3025, 0.088]
[0.2, 0.303, 0.0875]
[0.2, 0.3035, 0.0875]
[0.2, 0.304, 0.087]
[0.2, 0.3045, 0.087]
[0.2, 0.305, 0.0865]
[0.2, 0.3055, 0.0865]
[0.2, 0.306, 0.086]
[0.2, 0.3065, 0.086]
[0.2, 0.307, 0.086]
[0.2, 0.3075, 0.0855]
[0.2, 0.308, 0.0855]
[0.2, 0.3085, 0.0855]
[0.2, 0.309, 0.0855]
[0.2, 0.3095, 0.086]
[0.2, 0.309, 0.0865]
[0.2, 0.309, 0.087]
[0.2, 0.3085, 0.0875]
[0.2, 0.308, 0.088]
[0.2, 0.3075, 0.088]
[0.2, 0.307, 0.0885]
[0.2, 0.3065, 0.0885]
[0.2, 0.306, 0.089]
[0.2, 0.3055, 0.089]
[0.2, 0.305, 0.089]
[0.2, 0.3055, 0.089]
[0.2, 0.306, 0.089]
[0.2, 0.3065, 0.0885]
[0.2, 0.307, 0.0885]
[0.2, 0.3075, 0.088]
[0.2, 0.308, 0.088]
[0.2, 0.3085, 0.088]
[0.2, 0.3085, 0.0875]
[0.2, 0.309, 0.087]
[0.2, 0.3095, 0.0865]
[0.2, 0.31, 0.0865]
[0.2, 0.3105, 0.0865]
[0.2, 0.311, 0.0865]
[0.2, 0.3115, 0.0865]
[0.2, 0.312, 0.087]
[0.2, 0.3115, 0.0865]
[0.2, 0.312, 0.086]
[0.2, 0.312, 0.0855]
[0.2, 0.312, 0.085]
[0.2, 0.312, 0.0845]
[0.2, 0.3125, 0.084]
[0.2, 0.313, 0.0835]
[0.2, 0.3135, 0.0835]
[0.2, 0.314, 0.0835]
[0.2, 0.3145, 0.083]
[0.2, 0.315, 0.083]
[0.2, 0.3155, 0.0825]
[0.2, 0.316, 0.0825]
[0.2, 0.3165, 0.082]
[0.2, 0.317, 0.082]
[0.2, 0.3175, 0.0815]
[0.2, 0.318, 0.0815]
[0.2, 0.3185, 0.081]
[0.2, 0.319, 0.081]
[0.2, 0.3195, 0.0805]
[0.2, 0.32, 0.0805]
[0.2, 0.3205, 0.0805]
[0.2, 0.321, 0.08]
[0.2, 0.3215, 0.08]
[0.2, 0.322, 0.08]
[0.2, 0.3225, 0.0795]
[0.2, 0.323, 0.0795]
[0.2, 0.3235, 0.0795]
[0.2, 0.324, 0.079]
[0.2, 0.3245, 0.079]
[0.2, 0.325, 0.079]
[0.2, 0.3255, 0.0785]
[0.2, 0.326, 0.0785]
[0.2, 0.3265, 0.078]
[0.2, 0.327, 0.078]
[0.2, 0.3275, 0.0775]
[0.2, 0.328, 0.0775]
[0.2, 0.3285, 0.0775]
[0.2, 0.329, 0.077]
[0.2, 0.3295, 0.077]
[0.2, 0.33, 0.077]
[0.2, 0.3305, 0.0765]
[0.2, 0.331, 0.0765]
[0.2, 0.3315, 0.0765]
[0.2, 0.332, 0.0765]
[0.2, 0.3325, 0.0765]
[0.2, 0.333, 0.0765]
[0.2, 0.3335, 0.076]
[0.2, 0.334, 0.076]
[0.2, 0.3345, 0.0755]
[0.2, 0.335, 0.0755]
[0.2, 0.3355, 0.0755]
[0.2, 0.336, 0.075]
[0.2, 0.3365, 0.075]
[0.2, 0.337, 0.075]
[0.2, 0.3375, 0.075]
[0.2, 0.338, 0.0745]
[0.2, 0.3385, 0.0745]
[0.2, 0.339, 0.0745]
[0.2, 0.3395, 0.0745]
[0.2, 0.34, 0.0745]
[0.2, 0.3405, 0.0745]
[0.2, 0.341, 0.074]
[0.2, 0.3415, 0.074]
[0.2, 0.342, 0.074]
[0.2, 0.3425, 0.074]
[0.2, 0.343, 0.0735]
[0.2, 0.3435, 0.0735]
[0.2, 0.344, 0.0735]
[0.2, 0.3445, 0.0735]
[0.2, 0.345, 0.0735]
[0.2, 0.3455, 0.073]
[0.2, 0.346, 0.073]
[0.2, 0.3465, 0.073]
[0.2, 0.347, 0.073]
[0.2, 0.3475, 0.0725]
[0.2, 0.348, 0.0725]
[0.2, 0.3485, 0.0725]
[0.2, 0.349, 0.0725]
[0.2, 0.3495, 0.0725]
[0.2, 0.35, 0.072]
[0.2, 0.3505, 0.072]
[0.2, 0.351, 0.072]
[0.2, 0.3515, 0.072]
[0.2, 0.352, 0.0715]
[0.2, 0.3525, 0.0715]
[0.2, 0.353, 0.071]
[0.2, 0.3535, 0.071]
[0.2, 0.354, 0.071]
[0.2, 0.3545, 0.071]
[0.2, 0.355, 0.0705]
[0.2, 0.3555, 0.0705]
[0.2, 0.356, 0.0705]
[0.2, 0.3565, 0.0705]
[0.2, 0.357, 0.0705]
[0.2, 0.3575, 0.07]
[0.2, 0.358, 0.07]
[0.2, 0.3585, 0.07]
[0.2, 0.359, 0.07]
[0.2, 0.3595, 0.0695]
[0.2, 0.36, 0.0695]
[0.2, 0.3605, 0.0695]
[0.2, 0.361, 0.0695]
[0.2, 0.3615, 0.069]
[0.2, 0.362, 0.069]
[0.2, 0.3625, 0.069]
[0.2, 0.363, 0.069]
[0.2, 0.3635, 0.0685]
[0.2, 0.364, 0.0685]
[0.2, 0.3645, 0.0685]
[0.2, 0.365, 0.069]
[0.2, 0.3655, 0.069]
[0.2, 0.366, 0.069]
[0.2, 0.3665, 0.0695]
[0.2, 0.3665, 0.07]
[0.2, 0.3665, 0.0705]
[0.2, 0.3665, 0.071]
[0.2, 0.3665, 0.0715]
[0.2, 0.3665, 0.072]
[0.2, 0.3665, 0.0725]
[0.2, 0.3665, 0.073]
[0.2, 0.366, 0.0735]
[0.2, 0.3655, 0.0735]
[0.2, 0.365, 0.074]
[0.2, 0.3645, 0.074]
[0.2, 0.364, 0.0745]
[0.2, 0.3635, 0.075]
[0.2, 0.363, 0.0755]
[0.2, 0.3625, 0.076]
[0.2, 0.3625, 0.0765]
[0.2, 0.362, 0.077]
[0.2, 0.3615, 0.0775]
[0.2, 0.3615, 0.078]
[0.2, 0.3615, 0.0775]
[0.2, 0.362, 0.077]
[0.2, 0.3625, 0.0765]
[0.2, 0.363, 0.076]
[0.2, 0.363, 0.0755]
[0.2, 0.3635, 0.075]
[0.2, 0.364, 0.0745]
[0.2, 0.3645, 0.0745]
[0.2, 0.365, 0.074]
[0.2, 0.3655, 0.0735]
[0.2, 0.366, 0.0735]
[0.2, 0.3665, 0.074]
[0.2, 0.3665, 0.0745]
[0.2, 0.3665, 0.075]
[0.2, 0.3665, 0.0755]
[0.2, 0.3665, 0.076]
[0.2, 0.3665, 0.0765]
[0.2, 0.3665, 0.077]
[0.2, 0.3665, 0.0775]
[0.2, 0.3665, 0.078]
[0.2, 0.3665, 0.0785]
[0.2, 0.3665, 0.079]
[0.2, 0.3665, 0.0795]
[0.2, 0.3665, 0.08]
[0.2, 0.366, 0.0805]
[0.2, 0.366, 0.081]
[0.2, 0.366, 0.0815]
[0.2, 0.366, 0.082]
[0.2, 0.366, 0.0825]
[0.2, 0.366, 0.083]
[0.2, 0.366, 0.0835]
[0.2, 0.366, 0.084]
[0.2, 0.366, 0.0845]
[0.2, 0.3655, 0.085]
[0.2, 0.3655, 0.0855]
[0.2, 0.3655, 0.086]
[0.2, 0.3655, 0.0865]
[0.2, 0.3655, 0.087]
[0.2, 0.3655, 0.0875]
[0.2, 0.3655, 0.088]
[0.2, 0.3655, 0.0885]
[0.2, 0.3655, 0.089]
[0.2, 0.3655, 0.0895]
[0.2, 0.3655, 0.09]
[0.2, 0.3655, 0.0905]
[0.2, 0.3655, 0.091]
[0.2, 0.3655, 0.0915]
[0.2, 0.3655, 0.092]
[0.2, 0.3655, 0.0925]
[0.2, 0.3655, 0.093]
[0.2, 0.3655, 0.0935]
[0.2, 0.3655, 0.094]
[0.2, 0.3655, 0.0945]
[0.2, 0.3655, 0.095]
[0.2, 0.3655, 0.0955]
[0.2, 0.3655, 0.096]
[0.2, 0.3655, 0.0965]
[0.2, 0.3655, 0.097]
[0.2, 0.3655, 0.0975]
[0.2, 0.3655, 0.098]
[0.2, 0.3655, 0.0985]
[0.2, 0.3655, 0.099]
[0.2, 0.3655, 0.0985]
[0.2, 0.3655, 0.098]
[0.2, 0.3655, 0.0975]
[0.2, 0.3655, 0.097]
[0.2, 0.3655, 0.0965]
[0.2, 0.3655, 0.096]
[0.2, 0.3655, 0.0955]
[0.2, 0.3655, 0.095]
[0.2, 0.3655, 0.0945]
[0.2, 0.3655, 0.094]
[0.2, 0.3655, 0.0935]
[0.2, 0.3655, 0.093]
[0.2, 0.3655, 0.0925]
[0.2, 0.3655, 0.092]
[0.2, 0.3655, 0.0915]
[0.2, 0.3655, 0.091]
[0.2, 0.3655, 0.0905]
[0.2, 0.3655, 0.09]
[0.2, 0.3655, 0.0895]
[0.2, 0.3655, 0.089]
[0.2, 0.3655, 0.0885]
[0.2, 0.3655, 0.088]
[0.2, 0.3655, 0.0875]
[0.2, 0.3655, 0.087]
[0.2, 0.3655, 0.0865]
[0.2, 0.3655, 0.086]
[0.2, 0.3655, 0.0855]
[0.2, 0.3655, 0.085]
[0.2, 0.366, 0.0845]
[0.2, 0.366, 0.084]
[0.2, 0.366, 0.0835]
[0.2, 0.366, 0.083]
[0.2, 0.366, 0.0825]
[0.2, 0.366, 0.082]
[0.2, 0.366, 0.0815]
[0.2, 0.366, 0.081]
[0.2, 0.366, 0.0805]
[0.2, 0.3665, 0.08]
[0.2, 0.3665, 0.0795]
[0.2, 0.3665, 0.079]
[0.2, 0.3665, 0.0785]
[0.2, 0.3665, 0.078]
[0.2, 0.3665, 0.0775]
[0.2, 0.3665, 0.077]
[0.2, 0.3665, 0.0765]
[0.2, 0.3665, 0.076]
[0.2, 0.3665, 0.0755]
[0.2, 0.3665, 0.075]
[0.2, 0.3665, 0.0745]
[0.2, 0.3665, 0.074]
[0.2, 0.366, 0.0735]
[0.2, 0.3665, 0.073]
[0.2, 0.3665, 0.0725]
[0.2, 0.3665, 0.072]
[0.2, 0.3665, 0.0715]
[0.2, 0.3665, 0.071]
[0.2, 0.3665, 0.0705]
[0.2, 0.3665, 0.07]
[0.2, 0.3665, 0.0695]
