[0.2, 0.4455, -0.016]
[0.2, 0.4455, -0.0155]
[0.2, 0.4455, -0.015]
[0.2, 0.446, -0.0145]
[0.2, 0.4465, -0.014]
[0.2, 0.447, -0.0135]
[0.2, 0.4475, -0.013]
[0.2, 0.448, -0.0125]
[0.2, 0.448, -0.012]
[0.2, 0.4485, -0.0115]
[0.2, 0.4485, -0.011]
[0.2, 0.4485, -0.0105]
[0.2, 0.4485, -0.01]
[0.2, 0.4485, -0.0095]
[0.2, 0.449, -0.009]
[0.2, 0.4495, -0.0085]
[0.2, 0.45, -0.008]
[0.2, 0.45, -0.0075]
[0.2, 0.4505, -0.0075]
[0.2, 0.451, -0.007]
[0.2, 0.451, -0.0065]
[0.2, 0.451, -0.006]
[0.2, 0.451, -0.0055]
[0.2, 0.4505, -0.005]
[0.2, 0.4505, -0.0045]
[0.2, 0.45, -0.004]
[0.2, 0.45, -0.0035]
[0.2, 0.45, -0.003]
[0.2, 0.4495, -0.0025]
[0.2, 0.4495, -0.002]
[0.2, 0.449, -0.0015]
[0.2, 0.4485, -0.001]
[0.2, 0.448, -0.0005]
[0.2, 0.448, 0]
[0.2, 0.448, 0.0005]
[0.2, 0.4475, 0.001]
[0.2, 0.4475, 0.0015]
[0.2, 0.4475, 0.002]
[0.2, 0.4475, 0.0015]
[0.2, 0.4475, 0.001]
[0.2, 0.448, 0.0005]
[0.2, 0.448, 0]
[0.2, 0.4485, -0.0005]
[0.2, 0.4485, -0.001]
[0.2, 0.449, -0.0015]
[0.2, 0.4495, -0.002]
[0.2, 0.45, -0.0025]
[0.2, 0.45, -0.003]
[0.2, 0.45, -0.0035]
[0.2, 0.4505, -0.004]
[0.2, 0.4505, -0.0045]
[0.2, 0.4505, -0.005]
[0.2, 0.451, -0.0055]
[0.2, 0.451, -0.006]
[0.2, 0.451, -0.0065]
[0.2, 0.451, -0.007]
[0.2, 0.451, -0.0075]
[0.2, 0.4505, -0.0075]
[0.2, 0.45, -0.008]
[0.2, 0.4495, -0.0085]
[0.2, 0.449, -0.009]
[0.2, 0.4485, -0.0095]
[0.2, 0.4485, -0.01]
[0.2, 0.4485, -0.0105]
[0.2, 0.4485, -0.011]
[0.2, 0.4485, -0.0115]
[0.2, 0.448, -0.012]
[0.2, 0.448, -0.0125]
[0.2, 0.4475, -0.013]
[0.2, 0.4475, -0.0135]
[0.2, 0.4475, -0.014]
[0.2, 0.447, -0.0145]
[0.2, 0.4465, -0.0145]
