[0.2, 0.38, -0.0155]
[0.2, 0.3795, -0.015]
[0.2, 0.38, -0.0155]
[0.2, 0.3805, -0.0155]
[0.2, 0.381, -0.0155]
[0.2, 0.3815, -0.0155]
[0.2, 0.382, -0.015]
[0.2, 0.3825, -0.015]
[0.2, 0.383, -0.015]
[0.2, 0.3835, -0.0145]
[0.2, 0.384, -0.0145]
[0.2, 0.3845, -0.014]
[0.2, 0.385, -0.014]
[0.2, 0.3855, -0.0135]
[0.2, 0.386, -0.013]
[0.2, 0.3865, -0.0125]
[0.2, 0.387, -0.0125]
[0.2, 0.3875, -0.012]
[0.2, 0.3875, -0.0115]
[0.2, 0.388, -0.011]
[0.2, 0.388, -0.0105]
[0.2, 0.3885, -0.01]
[0.2, 0.389, -0.0095]
[0.2, 0.3885, -0.01]
[0.2, 0.3885, -0.0105]
[0.2, 0.388, -0.011]
[0.2, 0.3875, -0.0115]
[0.2, 0.3875, -0.012]
[0.2, 0.387, -0.0125]
[0.2, 0.3865, -0.013]
[0.2, 0.386, -0.013]
[0.2, 0.3855, -0.0135]
[0.2, 0.385, -0.014]
[0.2, 0.3845, -0.0145]
[0.2, 0.384, -0.0145]
[0.2, 0.3835, -0.0145]
[0.2, 0.383, -0.015]
[0.2, 0.3825, -0.015]
[0.2, 0.382, -0.015]
[0.2, 0.3815, -0.0155]
