[0.2, 0.3815, 0.0465]
[0.2, 0.382, 0.0465]
[0.2, 0.3825, 0.047]
[0.2, 0.383, 0.0475]
[0.2, 0.3835, 0.048]
[0.2, 0.384, 0.048]
[0.2, 0.3845, 0.0485]
[0.2, 0.385, 0.049]
[0.2, 0.3855, 0.049]
[0.2, 0.386, 0.049]
[0.2, 0.3865, 0.0495]
[0.2, 0.387, 0.05]
[0.2, 0.387, 0.0505]
[0.2, 0.3875, 0.0505]
[0.2, 0.388, 0.0505]
[0.2, 0.3885, 0.0505]
[0.2, 0.389, 0.0505]
[0.2, 0.3895, 0.051]
[0.2, 0.39, 0.051]
[0.2, 0.3905, 0.051]
[0.2, 0.391, 0.051]
[0.2, 0.3915, 0.051]
[0.2, 0.392, 0.0505]
[0.2, 0.3925, 0.0505]
[0.2, 0.393, 0.0505]
[0.2, 0.3935, 0.0505]
[0.2, 0.394, 0.051]
[0.2, 0.3945, 0.0515]
[0.2, 0.395, 0.0515]
[0.2, 0.395, 0.051]
[0.2, 0.3955, 0.0505]
[0.2, 0.396, 0.0505]
[0.2, 0.3965, 0.0505]
[0.2, 0.397, 0.0505]
[0.2, 0.3975, 0.0505]
[0.2, 0.398, 0.0505]
[0.2, 0.3985, 0.0505]
[0.2, 0.399, 0.0505]
[0.2, 0.3995, 0.0505]
[0.2, 0.399, 0.0505]
[0.2, 0.3985, 0.0505]
[0.2, 0.398, 0.0505]
[0.2, 0.3975, 0.0505]
[0.2, 0.397, 0.0505]
[0.2, 0.3965, 0.0505]
[0.2, 0.396, 0.0505]
[0.2, 0.3955, 0.0505]
[0.2, 0.395, 0.0505]
[0.2, 0.3945, 0.0505]
[0.2, 0.394, 0.0505]
[0.2, 0.3935, 0.0505]
[0.2, 0.393, 0.0505]
[0.2, 0.3925, 0.0505]
[0.2, 0.392, 0.0505]
[0.2, 0.3915, 0.051]
[0.2, 0.391, 0.051]
[0.2, 0.3905, 0.051]
[0.2, 0.39, 0.051]
[0.2, 0.3895, 0.051]
[0.2, 0.389, 0.0505]
[0.2, 0.3885, 0.0505]
[0.2, 0.388, 0.0505]
[0.2, 0.3875, 0.0505]
[0.2, 0.387, 0.05]
[0.2, 0.3865, 0.0495]
[0.2, 0.386, 0.049]
[0.2, 0.3855, 0.049]
[0.2, 0.385, 0.0485]
[0.2, 0.3845, 0.048]
[0.2, 0.384, 0.048]
[0.2, 0.3835, 0.0475]
[0.2, 0.383, 0.047]
