[0.2, 0.424, -0.019]
[0.2, 0.4245, -0.019]
[0.2, 0.425, -0.019]
[0.2, 0.4255, -0.019]
[0.2, 0.426, -0.019]
[0.2, 0.4265, -0.019]
[0.2, 0.427, -0.019]
[0.2, 0.4275, -0.019]
[0.2, 0.428, -0.019]
[0.2, 0.4285, -0.0185]
[0.2, 0.429, -0.0185]
[0.2, 0.4295, -0.018]
[0.2, 0.43, -0.0175]
[0.2, 0.4305, -0.0175]
[0.2, 0.431, -0.017]
[0.2, 0.4315, -0.0165]
[0.2, 0.432, -0.016]
[0.2, 0.4315, -0.0165]
[0.2, 0.4315, -0.017]
[0.2, 0.431, -0.017]
[0.2, 0.4305, -0.0175]
[0.2, 0.43, -0.0175]
[0.2, 0.4295, -0.018]
[0.2, 0.429, -0.0185]
[0.2, 0.4285, -0.019]
[0.2, 0.428, -0.019]
[0.2, 0.4275, -0.019]
[0.2, 0.427, -0.019]
[0.2, 0.4265, -0.019]
[0.2, 0.426, -0.019]
[0.2, 0.4255, -0.019]
