[0.2, 0.3595, -0.022]
[0.2, 0.359, -0.0215]
[0.2, 0.3585, -0.0215]
[0.2, 0.358, -0.0215]
[0.2, 0.3575, -0.021]
[0.2, 0.357, -0.0205]
[0.2, 0.3565, -0.02]
[0.2, 0.3565, -0.0195]
[0.2, 0.356, -0.019]
[0.2, 0.3555, -0.0185]
[0.2, 0.355, -0.018]
[0.2, 0.355, -0.0175]
[0.2, 0.3545, -0.017]
[0.2, 0.355, -0.0175]
[0.2, 0.3555, -0.018]
[0.2, 0.356, -0.0185]
[0.2, 0.356, -0.019]
[0.2, 0.3565, -0.0195]
[0.2, 0.357, -0.02]
[0.2, 0.357, -0.0205]
[0.2, 0.3575, -0.021]
[0.2, 0.358, -0.0215]
[0.2, 0.3585, -0.0215]
[0.2, 0.359, -0.0215]
[0.2, 0.3595, -0.022]
[0.2, 0.36, -0.022]
[0.2, 0.3605, -0.022]
[0.2, 0.361, -0.0215]
[0.2, 0.3615, -0.0215]
[0.2, 0.362, -0.021]
[0.2, 0.3625, -0.021]
[0.2, 0.363, -0.021]
[0.2, 0.3625, -0.021]
[0.2, 0.362, -0.0215]
[0.2, 0.3615, -0.0215]
[0.2, 0.361, -0.0215]
