[0.2, 0.4235, -0.028]
[0.2, 0.423, -0.0275]
[0.2, 0.4225, -0.0275]
[0.2, 0.422, -0.0275]
[0.2, 0.4215, -0.0275]
[0.2, 0.421, -0.0275]
[0.2, 0.4205, -0.027]
[0.2, 0.42, -0.027]
[0.2, 0.4195, -0.027]
[0.2, 0.419, -0.027]
[0.2, 0.4185, -0.027]
[0.2, 0.419, -0.027]
[0.2, 0.4195, -0.027]
[0.2, 0.42, -0.027]
[0.2, 0.4205, -0.027]
[0.2, 0.421, -0.0265]
[0.2, 0.421, -0.026]
[0.2, 0.4215, -0.0255]
[0.2, 0.422, -0.0255]
[0.2, 0.4225, -0.025]
[0.2, 0.423, -0.025]
[0.2, 0.4235, -0.025]
[0.2, 0.424, -0.0245]
[0.2, 0.4245, -0.0245]
[0.2, 0.425, -0.024]
[0.2, 0.4255, -0.024]
[0.2, 0.426, -0.024]
[0.2, 0.4265, -0.0235]
[0.2, 0.427, -0.0235]
[0.2, 0.4275, -0.023]
[0.2, 0.428, -0.023]
[0.2, 0.4275, -0.023]
[0.2, 0.427, -0.0235]
[0.2, 0.4265, -0.0235]
[0.2, 0.426, -0.024]
[0.2, 0.4255, -0.024]
[0.2, 0.425, -0.0245]
[0.2, 0.4245, -0.0245]
[0.2, 0.424, -0.0245]
[0.2, 0.4235, -0.025]
[0.2, 0.423, -0.025]
[0.2, 0.4225, -0.025]
[0.2, 0.422, -0.0255]
[0.2, 0.4215, -0.026]
[0.2, 0.421, -0.0265]
[0.2, 0.421, -0.027]
[0.2, 0.4215, -0.0275]
[0.2, 0.422, -0.0275]
[0.2, 0.4225, -0.0275]
[0.2, 0.423, -0.0275]
[0.2, 0.4235, -0.028]
[0.2, 0.424, -0.028]
[0.2, 0.4245, -0.0275]
[0.2, 0.425, -0.0275]
[0.2, 0.4255, -0.0275]
[0.2, 0.426, -0.0275]
[0.2, 0.4255, -0.0275]
[0.2, 0.425, -0.0275]
