[0.2, 0.4235, -0.017]
[0.2, 0.424, -0.017]
[0.2, 0.4245, -0.0165]
[0.2, 0.425, -0.0165]
[0.2, 0.4255, -0.0165]
[0.2, 0.426, -0.0165]
[0.2, 0.4265, -0.016]
[0.2, 0.427, -0.016]
[0.2, 0.4275, -0.016]
[0.2, 0.428, -0.0155]
[0.2, 0.4285, -0.0155]
[0.2, 0.429, -0.015]
[0.2, 0.4295, -0.0145]
[0.2, 0.43, -0.0145]
[0.2, 0.4305, -0.014]
[0.2, 0.43, -0.0145]
[0.2, 0.4295, -0.015]
[0.2, 0.429, -0.015]
[0.2, 0.4285, -0.0155]
[0.2, 0.428, -0.0155]
[0.2, 0.4275, -0.016]
[0.2, 0.427, -0.016]
[0.2, 0.4265, -0.016]
[0.2, 0.426, -0.0165]
[0.2, 0.4255, -0.0165]
[0.2, 0.425, -0.0165]
