[0.2, 0.416, -0.0215]
[0.2, 0.4155, -0.021]
[0.2, 0.415, -0.021]
[0.2, 0.4145, -0.021]
[0.2, 0.414, -0.0205]
[0.2, 0.4135, -0.0205]
[0.2, 0.413, -0.0205]
[0.2, 0.4125, -0.0205]
[0.2, 0.412, -0.0205]
[0.2, 0.4115, -0.0205]
[0.2, 0.411, -0.0205]
[0.2, 0.4105, -0.02]
[0.2, 0.41, -0.02]
[0.2, 0.4095, -0.02]
[0.2, 0.41, -0.02]
[0.2, 0.4105, -0.02]
[0.2, 0.411, -0.0205]
[0.2, 0.4115, -0.0205]
[0.2, 0.412, -0.0205]
[0.2, 0.4125, -0.0205]
[0.2, 0.413, -0.0205]
[0.2, 0.4135, -0.0205]
[0.2, 0.414, -0.0205]
[0.2, 0.4145, -0.021]
[0.2, 0.415, -0.021]
[0.2, 0.4155, -0.021]
[0.2, 0.416, -0.021]
[0.2, 0.4165, -0.0215]
[0.2, 0.417, -0.0215]
[0.2, 0.4175, -0.0215]
[0.2, 0.418, -0.0215]
[0.2, 0.4185, -0.0215]
[0.2, 0.419, -0.0215]
[0.2, 0.4195, -0.0215]
[0.2, 0.42, -0.0215]
[0.2, 0.4195, -0.0215]
[0.2, 0.419, -0.0215]
[0.2, 0.4185, -0.0215]
[0.2, 0.418, -0.0215]
[0.2, 0.4175, -0.0215]
