[0.2, 0.364, -0.064]
[0.2, 0.3645, -0.064]
[0.2, 0.365, -0.064]
[0.2, 0.3655, -0.064]
[0.2, 0.366, -0.064]
[0.2, 0.3665, -0.064]
[0.2, 0.367, -0.0635]
[0.2, 0.367, -0.063]
[0.2, 0.3665, -0.0625]
[0.2, 0.367, -0.063]
[0.2, 0.3675, -0.0635]
[0.2, 0.368, -0.063]
[0.2, 0.368, -0.0625]
[0.2, 0.3685, -0.062]
[0.2, 0.369, -0.062]
[0.2, 0.3695, -0.062]
[0.2, 0.37, -0.0615]
[0.2, 0.3705, -0.061]
[0.2, 0.371, -0.061]
[0.2, 0.3715, -0.061]
[0.2, 0.372, -0.0605]
[0.2, 0.3725, -0.061]
[0.2, 0.372, -0.0605]
[0.2, 0.3715, -0.061]
[0.2, 0.371, -0.061]
[0.2, 0.3705, -0.061]
[0.2, 0.37, -0.0615]
[0.2, 0.37, -0.062]
[0.2, 0.3695, -0.062]
[0.2, 0.369, -0.062]
[0.2, 0.3685, -0.062]
[0.2, 0.368, -0.0625]
[0.2, 0.368, -0.063]
[0.2, 0.368, -0.0635]
[0.2, 0.3675, -0.0635]
[0.2, 0.367, -0.064]
[0.2, 0.3665, -0.064]
[0.2, 0.366, -0.064]
[0.2, 0.3655, -0.064]
