[0.2, 0.3645, -0.022]
[0.2, 0.365, -0.022]
[0.2, 0.3655, -0.022]
[0.2, 0.366, -0.022]
[0.2, 0.3665, -0.022]
[0.2, 0.367, -0.022]
[0.2, 0.3675, -0.022]
[0.2, 0.368, -0.0215]
[0.2, 0.3685, -0.0215]
[0.2, 0.369, -0.0215]
[0.2, 0.3695, -0.021]
[0.2, 0.3695, -0.0205]
[0.2, 0.369, -0.02]
[0.2, 0.369, -0.0195]
[0.2, 0.3685, -0.019]
[0.2, 0.3685, -0.0185]
[0.2, 0.368, -0.018]
[0.2, 0.3675, -0.018]
[0.2, 0.367, -0.018]
[0.2, 0.3665, -0.0175]
[0.2, 0.366, -0.0175]
[0.2, 0.3655, -0.0175]
[0.2, 0.365, -0.0175]
[0.2, 0.3645, -0.0175]
[0.2, 0.364, -0.0175]
[0.2, 0.3635, -0.0175]
[0.2, 0.363, -0.017]
[0.2, 0.3625, -0.017]
[0.2, 0.362, -0.017]
[0.2, 0.3615, -0.0175]
[0.2, 0.361, -0.0175]
[0.2, 0.3605, -0.0175]
[0.2, 0.36, -0.0175]
[0.2, 0.3595, -0.0175]
[0.2, 0.359, -0.0175]
[0.2, 0.3585, -0.0175]
[0.2, 0.358, -0.017]
[0.2, 0.3575, -0.017]
[0.2, 0.357, -0.017]
[0.2, 0.3565, -0.017]
[0.2, 0.3565, -0.0165]
[0.2, 0.3565, -0.016]
[0.2, 0.3565, -0.0165]
[0.2, 0.357, -0.017]
[0.2, 0.3575, -0.017]
[0.2, 0.358, -0.017]
[0.2, 0.3585, -0.0175]
[0.2, 0.359, -0.0175]
[0.2, 0.3595, -0.0175]
[0.2, 0.36, -0.0175]
[0.2, 0.3605, -0.0175]
[0.2, 0.361, -0.0175]
[0.2, 0.3615, -0.017]
[0.2, 0.361, -0.0165]
[0.2, 0.361, -0.016]
[0.2, 0.3605, -0.0155]
[0.2, 0.3605, -0.015]
[0.2, 0.36, -0.0145]
[0.2, 0.3595, -0.0145]
[0.2, 0.359, -0.0145]
[0.2, 0.3585, -0.0145]
[0.2, 0.358, -0.014]
[0.2, 0.3575, -0.014]
[0.2, 0.357, -0.014]
[0.2, 0.3565, -0.0135]
[0.2, 0.356, -0.0135]
[0.2, 0.3555, -0.0135]
[0.2, 0.355, -0.013]
[0.2, 0.3545, -0.0125]
[0.2, 0.354, -0.0125]
[0.2, 0.3535, -0.0125]
[0.2, 0.3535, -0.012]
[0.2, 0.353, -0.0115]
[0.2, 0.353, -0.011]
[0.2, 0.3525, -0.0105]
[0.2, 0.3525, -0.01]
[0.2, 0.3525, -0.0095]
[0.2, 0.3525, -0.01]
[0.2, 0.3525, -0.0105]
[0.2, 0.353, -0.011]
[0.2, 0.353, -0.0115]
[0.2, 0.3535, -0.012]
[0.2, 0.354, -0.0125]
[0.2, 0.3545, -0.0125]
[0.2, 0.355, -0.013]
[0.2, 0.3555, -0.013]
[0.2, 0.356, -0.0135]
[0.2, 0.3565, -0.0135]
[0.2, 0.357, -0.014]
[0.2, 0.3575, -0.014]
[0.2, 0.358, -0.014]
[0.2, 0.3585, -0.014]
[0.2, 0.359, -0.0145]
[0.2, 0.3595, -0.0145]
[0.2, 0.36, -0.0145]
[0.2, 0.3605, -0.0145]
[0.2, 0.3605, -0.015]
[0.2, 0.3605, -0.0155]
[0.2, 0.361, -0.016]
[0.2, 0.3615, -0.0165]
[0.2, 0.362, -0.017]
[0.2, 0.3625, -0.017]
[0.2, 0.363, -0.017]
[0.2, 0.3635, -0.0175]
[0.2, 0.364, -0.0175]
[0.2, 0.3645, -0.0175]
[0.2, 0.365, -0.0175]
[0.2, 0.3655, -0.0175]
[0.2, 0.366, -0.0175]
[0.2, 0.3665, -0.0175]
[0.2, 0.367, -0.018]
[0.2, 0.3675, -0.018]
[0.2, 0.368, -0.018]
[0.2, 0.3685, -0.0175]
[0.2, 0.369, -0.017]
[0.2, 0.3695, -0.017]
[0.2, 0.37, -0.0175]
[0.2, 0.3705, -0.0175]
[0.2, 0.371, -0.0175]
[0.2, 0.3715, -0.0175]
[0.2, 0.372, -0.017]
[0.2, 0.3715, -0.0175]
[0.2, 0.371, -0.0175]
[0.2, 0.3705, -0.0175]
[0.2, 0.37, -0.0175]
[0.2, 0.3695, -0.017]
[0.2, 0.369, -0.017]
[0.2, 0.3685, -0.0175]
[0.2, 0.3685, -0.018]
[0.2, 0.3685, -0.0185]
[0.2, 0.3685, -0.019]
[0.2, 0.369, -0.0195]
[0.2, 0.3695, -0.02]
[0.2, 0.37, -0.0205]
[0.2, 0.3705, -0.0205]
[0.2, 0.371, -0.0205]
[0.2, 0.3715, -0.0205]
[0.2, 0.372, -0.0205]
[0.2, 0.3725, -0.0205]
[0.2, 0.373, -0.0205]
[0.2, 0.3735, -0.0205]
[0.2, 0.374, -0.0205]
[0.2, 0.3745, -0.0205]
[0.2, 0.375, -0.02]
[0.2, 0.3755, -0.02]
[0.2, 0.376, -0.02]
[0.2, 0.3765, -0.02]
[0.2, 0.377, -0.02]
[0.2, 0.3775, -0.0195]
[0.2, 0.378, -0.0195]
[0.2, 0.3785, -0.0195]
[0.2, 0.378, -0.0195]
[0.2, 0.3775, -0.0195]
[0.2, 0.377, -0.02]
[0.2, 0.3765, -0.02]
[0.2, 0.376, -0.02]
[0.2, 0.3755, -0.02]
[0.2, 0.375, -0.02]
[0.2, 0.3745, -0.0205]
[0.2, 0.374, -0.0205]
[0.2, 0.3735, -0.0205]
[0.2, 0.373, -0.0205]
[0.2, 0.3725, -0.0205]
[0.2, 0.372, -0.0205]
[0.2, 0.3715, -0.0205]
[0.2, 0.371, -0.0205]
[0.2, 0.3705, -0.0205]
[0.2, 0.37, -0.0205]
[0.2, 0.3695, -0.021]
[0.2, 0.369, -0.0215]
[0.2, 0.3685, -0.0215]
[0.2, 0.368, -0.0215]
[0.2, 0.3675, -0.022]
[0.2, 0.367, -0.022]
[0.2, 0.3665, -0.022]
[0.2, 0.366, -0.022]
