[0.2, 0.445, 0.045]
[0.2, 0.445, 0.0455]
[0.2, 0.445, 0.046]
[0.2, 0.4455, 0.0465]
[0.2, 0.446, 0.047]
[0.2, 0.446, 0.0475]
[0.2, 0.4465, 0.048]
[0.2, 0.447, 0.0485]
[0.2, 0.447, 0.049]
[0.2, 0.447, 0.0495]
[0.2, 0.4475, 0.05]
[0.2, 0.448, 0.0505]
[0.2, 0.448, 0.051]
[0.2, 0.4485, 0.0515]
[0.2, 0.4485, 0.052]
[0.2, 0.4485, 0.0525]
[0.2, 0.4485, 0.053]
[0.2, 0.4485, 0.0535]
[0.2, 0.448, 0.054]
[0.2, 0.448, 0.0545]
[0.2, 0.448, 0.055]
[0.2, 0.448, 0.0555]
[0.2, 0.448, 0.056]
[0.2, 0.4475, 0.0565]
[0.2, 0.4475, 0.057]
[0.2, 0.4475, 0.0575]
[0.2, 0.4475, 0.058]
[0.2, 0.4475, 0.0585]
[0.2, 0.4475, 0.059]
[0.2, 0.4475, 0.0595]
[0.2, 0.447, 0.06]
[0.2, 0.447, 0.0605]
[0.2, 0.447, 0.061]
[0.2, 0.447, 0.0615]
[0.2, 0.4465, 0.062]
[0.2, 0.4465, 0.0625]
[0.2, 0.4465, 0.063]
[0.2, 0.446, 0.0635]
[0.2, 0.446, 0.064]
[0.2, 0.446, 0.0645]
[0.2, 0.4455, 0.065]
[0.2, 0.4455, 0.0655]
[0.2, 0.445, 0.066]
[0.2, 0.445, 0.0665]
[0.2, 0.445, 0.067]
[0.2, 0.4445, 0.0675]
[0.2, 0.4445, 0.068]
[0.2, 0.4445, 0.0685]
[0.2, 0.444, 0.069]
[0.2, 0.444, 0.0695]
[0.2, 0.444, 0.07]
[0.2, 0.4435, 0.0705]
[0.2, 0.4435, 0.071]
[0.2, 0.443, 0.0715]
[0.2, 0.443, 0.072]
[0.2, 0.4425, 0.0725]
[0.2, 0.4425, 0.073]
[0.2, 0.442, 0.0735]
[0.2, 0.442, 0.074]
[0.2, 0.442, 0.0745]
[0.2, 0.442, 0.075]
[0.2, 0.4415, 0.0755]
[0.2, 0.4415, 0.076]
[0.2, 0.441, 0.0765]
[0.2, 0.441, 0.077]
[0.2, 0.4405, 0.0775]
[0.2, 0.4405, 0.078]
[0.2, 0.44, 0.0785]
[0.2, 0.44, 0.079]
[0.2, 0.4395, 0.0795]
[0.2, 0.4395, 0.08]
[0.2, 0.4395, 0.0805]
[0.2, 0.439, 0.081]
[0.2, 0.439, 0.0815]
[0.2, 0.4385, 0.082]
[0.2, 0.4385, 0.0825]
[0.2, 0.438, 0.083]
[0.2, 0.438, 0.0835]
[0.2, 0.4375, 0.084]
[0.2, 0.4375, 0.0845]
[0.2, 0.437, 0.085]
[0.2, 0.437, 0.0855]
[0.2, 0.4365, 0.086]
[0.2, 0.4365, 0.0865]
[0.2, 0.436, 0.087]
[0.2, 0.436, 0.0875]
[0.2, 0.4355, 0.088]
[0.2, 0.4355, 0.0885]
[0.2, 0.4355, 0.089]
[0.2, 0.435, 0.0895]
[0.2, 0.435, 0.09]
[0.2, 0.4345, 0.0905]
[0.2, 0.4345, 0.091]
[0.2, 0.434, 0.0915]
[0.2, 0.434, 0.092]
[0.2, 0.4335, 0.0925]
[0.2, 0.4335, 0.093]
[0.2, 0.433, 0.0935]
[0.2, 0.433, 0.094]
[0.2, 0.4325, 0.0945]
[0.2, 0.4325, 0.095]
[0.2, 0.4325, 0.0955]
[0.2, 0.432, 0.096]
[0.2, 0.432, 0.0965]
[0.2, 0.4315, 0.097]
[0.2, 0.4315, 0.0975]
[0.2, 0.4315, 0.098]
[0.2, 0.431, 0.0985]
[0.2, 0.431, 0.099]
[0.2, 0.431, 0.0985]
[0.2, 0.4315, 0.098]
[0.2, 0.4315, 0.0975]
[0.2, 0.4315, 0.097]
[0.2, 0.432, 0.0965]
[0.2, 0.432, 0.096]
[0.2, 0.4325, 0.0955]
[0.2, 0.4325, 0.095]
[0.2, 0.4325, 0.0945]
[0.2, 0.433, 0.094]
[0.2, 0.433, 0.0935]
[0.2, 0.4335, 0.093]
[0.2, 0.4335, 0.0925]
[0.2, 0.434, 0.092]
[0.2, 0.434, 0.0915]
[0.2, 0.4345, 0.091]
[0.2, 0.4345, 0.0905]
[0.2, 0.435, 0.09]
[0.2, 0.435, 0.0895]
[0.2, 0.4355, 0.089]
[0.2, 0.4355, 0.0885]
[0.2, 0.4355, 0.088]
[0.2, 0.436, 0.0875]
[0.2, 0.436, 0.087]
[0.2, 0.4365, 0.0865]
[0.2, 0.4365, 0.086]
[0.2, 0.437, 0.0855]
[0.2, 0.437, 0.085]
[0.2, 0.4375, 0.0845]
[0.2, 0.4375, 0.084]
[0.2, 0.438, 0.0835]
[0.2, 0.438, 0.083]
[0.2, 0.4385, 0.0825]
[0.2, 0.4385, 0.082]
[0.2, 0.439, 0.0815]
[0.2, 0.439, 0.081]
[0.2, 0.4395, 0.0805]
[0.2, 0.4395, 0.08]
[0.2, 0.4395, 0.0795]
[0.2, 0.44, 0.079]
[0.2, 0.44, 0.0785]
[0.2, 0.4405, 0.078]
[0.2, 0.4405, 0.0775]
[0.2, 0.441, 0.077]
[0.2, 0.441, 0.0765]
[0.2, 0.4415, 0.076]
[0.2, 0.4415, 0.0755]
[0.2, 0.442, 0.075]
[0.2, 0.442, 0.0745]
[0.2, 0.442, 0.074]
[0.2, 0.4425, 0.0735]
[0.2, 0.4425, 0.073]
[0.2, 0.443, 0.0725]
[0.2, 0.443, 0.072]
[0.2, 0.443, 0.0715]
[0.2, 0.4435, 0.071]
[0.2, 0.4435, 0.0705]
[0.2, 0.444, 0.07]
[0.2, 0.444, 0.0695]
[0.2, 0.444, 0.069]
[0.2, 0.4445, 0.0685]
[0.2, 0.4445, 0.068]
[0.2, 0.4445, 0.0675]
[0.2, 0.445, 0.067]
[0.2, 0.445, 0.0665]
[0.2, 0.4455, 0.066]
[0.2, 0.4455, 0.0655]
[0.2, 0.4455, 0.065]
[0.2, 0.446, 0.0645]
[0.2, 0.446, 0.064]
[0.2, 0.446, 0.0635]
[0.2, 0.4465, 0.063]
[0.2, 0.4465, 0.0625]
[0.2, 0.4465, 0.062]
[0.2, 0.447, 0.0615]
[0.2, 0.447, 0.061]
[0.2, 0.447, 0.0605]
[0.2, 0.447, 0.06]
[0.2, 0.4475, 0.0595]
[0.2, 0.4475, 0.059]
[0.2, 0.4475, 0.0585]
[0.2, 0.4475, 0.058]
[0.2, 0.4475, 0.0575]
[0.2, 0.4475, 0.057]
[0.2, 0.4475, 0.0565]
[0.2, 0.448, 0.056]
[0.2, 0.448, 0.0555]
[0.2, 0.448, 0.055]
[0.2, 0.448, 0.0545]
[0.2, 0.448, 0.054]
[0.2, 0.4485, 0.0535]
[0.2, 0.449, 0.053]
[0.2, 0.4495, 0.0535]
[0.2, 0.45, 0.0535]
[0.2, 0.4505, 0.054]
[0.2, 0.451, 0.0545]
[0.2, 0.451, 0.055]
[0.2, 0.4515, 0.0555]
[0.2, 0.452, 0.056]
[0.2, 0.4525, 0.0565]
[0.2, 0.453, 0.057]
[0.2, 0.453, 0.0575]
[0.2, 0.4535, 0.058]
[0.2, 0.453, 0.0585]
[0.2, 0.4525, 0.059]
[0.2, 0.453, 0.0585]
[0.2, 0.4535, 0.0585]
[0.2, 0.454, 0.0585]
[0.2, 0.4545, 0.059]
[0.2, 0.455, 0.0595]
[0.2, 0.4555, 0.06]
[0.2, 0.4555, 0.0605]
[0.2, 0.456, 0.061]
[0.2, 0.4565, 0.0615]
[0.2, 0.457, 0.062]
[0.2, 0.4575, 0.0625]
[0.2, 0.458, 0.063]
[0.2, 0.4585, 0.0635]
[0.2, 0.459, 0.064]
[0.2, 0.4595, 0.0645]
[0.2, 0.46, 0.0645]
[0.2, 0.4605, 0.065]
[0.2, 0.461, 0.065]
[0.2, 0.4615, 0.065]
[0.2, 0.462, 0.0655]
[0.2, 0.4625, 0.0655]
[0.2, 0.463, 0.0655]
[0.2, 0.4635, 0.066]
[0.2, 0.464, 0.066]
[0.2, 0.4645, 0.0665]
[0.2, 0.465, 0.0665]
[0.2, 0.4655, 0.067]
[0.2, 0.466, 0.067]
[0.2, 0.4665, 0.067]
[0.2, 0.467, 0.0675]
[0.2, 0.4675, 0.0675]
[0.2, 0.468, 0.068]
[0.2, 0.4685, 0.068]
[0.2, 0.469, 0.0685]
[0.2, 0.4695, 0.0685]
[0.2, 0.47, 0.0685]
[0.2, 0.4705, 0.069]
[0.2, 0.471, 0.069]
[0.2, 0.4715, 0.0695]
[0.2, 0.472, 0.0695]
[0.2, 0.4725, 0.07]
[0.2, 0.473, 0.07]
[0.2, 0.4735, 0.07]
[0.2, 0.474, 0.0705]
[0.2, 0.4745, 0.0705]
[0.2, 0.475, 0.071]
[0.2, 0.4755, 0.071]
[0.2, 0.476, 0.0715]
[0.2, 0.4765, 0.0715]
[0.2, 0.477, 0.072]
[0.2, 0.4775, 0.072]
[0.2, 0.478, 0.072]
[0.2, 0.4785, 0.0725]
[0.2, 0.479, 0.0725]
[0.2, 0.4795, 0.0725]
[0.2, 0.48, 0.073]
[0.2, 0.4805, 0.073]
[0.2, 0.481, 0.0735]
[0.2, 0.4815, 0.0735]
[0.2, 0.482, 0.0735]
[0.2, 0.4825, 0.074]
[0.2, 0.483, 0.074]
[0.2, 0.4835, 0.074]
[0.2, 0.484, 0.0745]
[0.2, 0.4845, 0.0745]
[0.2, 0.485, 0.075]
[0.2, 0.4855, 0.075]
[0.2, 0.486, 0.0755]
[0.2, 0.4865, 0.0755]
[0.2, 0.487, 0.0755]
[0.2, 0.4875, 0.076]
[0.2, 0.488, 0.076]
[0.2, 0.4885, 0.0765]
[0.2, 0.489, 0.0765]
[0.2, 0.4895, 0.077]
[0.2, 0.49, 0.077]
[0.2, 0.4905, 0.077]
[0.2, 0.491, 0.0775]
[0.2, 0.4915, 0.0775]
[0.2, 0.492, 0.078]
[0.2, 0.492, 0.0785]
[0.2, 0.492, 0.079]
[0.2, 0.4915, 0.0795]
[0.2, 0.492, 0.079]
[0.2, 0.492, 0.0785]
[0.2, 0.4925, 0.078]
[0.2, 0.493, 0.0785]
[0.2, 0.4935, 0.0785]
[0.2, 0.494, 0.0785]
[0.2, 0.4945, 0.079]
[0.2, 0.495, 0.079]
[0.2, 0.4955, 0.079]
[0.2, 0.496, 0.0795]
[0.2, 0.4965, 0.0795]
[0.2, 0.497, 0.0795]
[0.2, 0.4975, 0.08]
[0.2, 0.498, 0.0805]
[0.2, 0.498, 0.081]
[0.2, 0.498, 0.0815]
[0.2, 0.498, 0.081]
[0.2, 0.498, 0.0805]
[0.2, 0.4975, 0.08]
[0.2, 0.497, 0.0795]
[0.2, 0.4965, 0.0795]
[0.2, 0.496, 0.0795]
[0.2, 0.4955, 0.079]
[0.2, 0.495, 0.079]
[0.2, 0.4945, 0.079]
[0.2, 0.494, 0.0785]
[0.2, 0.4935, 0.0785]
[0.2, 0.493, 0.0785]
[0.2, 0.4925, 0.078]
[0.2, 0.492, 0.078]
[0.2, 0.4915, 0.0775]
[0.2, 0.491, 0.0775]
[0.2, 0.4905, 0.077]
[0.2, 0.49, 0.077]
[0.2, 0.4895, 0.077]
[0.2, 0.489, 0.0765]
[0.2, 0.4885, 0.0765]
[0.2, 0.488, 0.076]
[0.2, 0.4875, 0.076]
[0.2, 0.487, 0.0755]
[0.2, 0.4865, 0.0755]
[0.2, 0.486, 0.0755]
[0.2, 0.4855, 0.075]
[0.2, 0.485, 0.075]
[0.2, 0.4845, 0.0745]
[0.2, 0.484, 0.0745]
[0.2, 0.4835, 0.074]
[0.2, 0.483, 0.074]
[0.2, 0.4825, 0.074]
[0.2, 0.482, 0.0735]
[0.2, 0.4815, 0.0735]
[0.2, 0.481, 0.0735]
[0.2, 0.4805, 0.073]
[0.2, 0.48, 0.073]
[0.2, 0.4795, 0.0725]
[0.2, 0.479, 0.0725]
[0.2, 0.4785, 0.0725]
[0.2, 0.478, 0.072]
[0.2, 0.4775, 0.072]
[0.2, 0.477, 0.0715]
[0.2, 0.4765, 0.0715]
[0.2, 0.476, 0.071]
[0.2, 0.4755, 0.071]
[0.2, 0.475, 0.071]
[0.2, 0.4745, 0.0705]
[0.2, 0.474, 0.0705]
[0.2, 0.4735, 0.07]
[0.2, 0.473, 0.07]
[0.2, 0.4725, 0.07]
[0.2, 0.472, 0.0695]
[0.2, 0.4715, 0.0695]
[0.2, 0.471, 0.069]
[0.2, 0.4705, 0.069]
[0.2, 0.47, 0.0685]
[0.2, 0.4695, 0.0685]
[0.2, 0.469, 0.0685]
[0.2, 0.4685, 0.068]
[0.2, 0.468, 0.068]
[0.2, 0.4675, 0.0675]
[0.2, 0.467, 0.0675]
[0.2, 0.4665, 0.067]
[0.2, 0.466, 0.067]
[0.2, 0.4655, 0.067]
[0.2, 0.465, 0.0665]
[0.2, 0.4645, 0.0665]
[0.2, 0.464, 0.066]
[0.2, 0.4635, 0.066]
[0.2, 0.463, 0.0655]
[0.2, 0.4625, 0.0655]
[0.2, 0.462, 0.065]
[0.2, 0.4615, 0.065]
[0.2, 0.461, 0.065]
[0.2, 0.4605, 0.0645]
[0.2, 0.46, 0.0645]
[0.2, 0.4595, 0.064]
[0.2, 0.459, 0.0635]
[0.2, 0.4585, 0.063]
[0.2, 0.458, 0.0625]
[0.2, 0.4575, 0.062]
[0.2, 0.457, 0.0615]
[0.2, 0.4565, 0.0615]
[0.2, 0.456, 0.061]
[0.2, 0.456, 0.0605]
[0.2, 0.4555, 0.06]
[0.2, 0.455, 0.0595]
[0.2, 0.4545, 0.059]
[0.2, 0.4545, 0.0585]
[0.2, 0.454, 0.0585]
[0.2, 0.4535, 0.058]
[0.2, 0.4535, 0.0575]
[0.2, 0.453, 0.057]
[0.2, 0.4525, 0.0565]
[0.2, 0.452, 0.056]
[0.2, 0.4515, 0.0555]
[0.2, 0.451, 0.055]
[0.2, 0.451, 0.0545]
[0.2, 0.4505, 0.054]
[0.2, 0.4505, 0.0535]
[0.2, 0.45, 0.0535]
[0.2, 0.4495, 0.0535]
[0.2, 0.449, 0.053]
[0.2, 0.4485, 0.0525]
[0.2, 0.4485, 0.052]
[0.2, 0.4485, 0.0515]
[0.2, 0.448, 0.051]
[0.2, 0.448, 0.0505]
[0.2, 0.4475, 0.05]
[0.2, 0.4475, 0.0495]
[0.2, 0.447, 0.049]
[0.2, 0.447, 0.0485]
[0.2, 0.4465, 0.048]
[0.2, 0.4465, 0.0475]
[0.2, 0.446, 0.047]
[0.2, 0.4455, 0.0465]
