[0.2, 0.445, -0.0255]
[0.2, 0.445, -0.025]
[0.2, 0.445, -0.0245]
[0.2, 0.4455, -0.024]
[0.2, 0.445, -0.0235]
[0.2, 0.445, -0.023]
[0.2, 0.4445, -0.0225]
[0.2, 0.4445, -0.022]
[0.2, 0.444, -0.0215]
[0.2, 0.4435, -0.021]
[0.2, 0.443, -0.0205]
[0.2, 0.443, -0.02]
[0.2, 0.4425, -0.0195]
[0.2, 0.442, -0.019]
[0.2, 0.4415, -0.0185]
[0.2, 0.441, -0.018]
[0.2, 0.4405, -0.0175]
[0.2, 0.44, -0.017]
[0.2, 0.4395, -0.0165]
[0.2, 0.439, -0.016]
[0.2, 0.4385, -0.0155]
[0.2, 0.4385, -0.015]
[0.2, 0.438, -0.0145]
[0.2, 0.4375, -0.014]
[0.2, 0.437, -0.014]
[0.2, 0.437, -0.0135]
[0.2, 0.4365, -0.013]
[0.2, 0.436, -0.013]
[0.2, 0.4355, -0.013]
[0.2, 0.435, -0.013]
[0.2, 0.4355, -0.013]
[0.2, 0.436, -0.013]
[0.2, 0.4365, -0.013]
[0.2, 0.437, -0.0125]
[0.2, 0.4375, -0.0125]
[0.2, 0.438, -0.0125]
[0.2, 0.4385, -0.0125]
[0.2, 0.439, -0.012]
[0.2, 0.4385, -0.0125]
[0.2, 0.438, -0.0125]
[0.2, 0.4375, -0.0125]
[0.2, 0.437, -0.013]
[0.2, 0.437, -0.0135]
[0.2, 0.4375, -0.014]
[0.2, 0.438, -0.0145]
[0.2, 0.4385, -0.015]
[0.2, 0.439, -0.0155]
[0.2, 0.439, -0.016]
[0.2, 0.4395, -0.0165]
[0.2, 0.44, -0.017]
[0.2, 0.4405, -0.0175]
[0.2, 0.441, -0.018]
[0.2, 0.4415, -0.0185]
[0.2, 0.442, -0.019]
[0.2, 0.4425, -0.0195]
[0.2, 0.443, -0.02]
[0.2, 0.4435, -0.0205]
[0.2, 0.444, -0.021]
[0.2, 0.4445, -0.0215]
[0.2, 0.4445, -0.022]
[0.2, 0.445, -0.0225]
[0.2, 0.445, -0.023]
[0.2, 0.445, -0.0235]
[0.2, 0.4455, -0.024]
