[0.2, 0.358, -0.0765]
[0.2, 0.3585, -0.0765]
[0.2, 0.359, -0.0765]
[0.2, 0.3595, -0.076]
[0.2, 0.36, -0.0755]
[0.2, 0.36, -0.075]
[0.2, 0.3605, -0.0745]
[0.2, 0.361, -0.074]
[0.2, 0.361, -0.0735]
[0.2, 0.3615, -0.073]
[0.2, 0.3615, -0.0725]
[0.2, 0.362, -0.072]
[0.2, 0.362, -0.0715]
[0.2, 0.3625, -0.071]
[0.2, 0.363, -0.0705]
[0.2, 0.363, -0.07]
[0.2, 0.363, -0.0705]
[0.2, 0.363, -0.071]
[0.2, 0.3625, -0.0715]
[0.2, 0.362, -0.072]
[0.2, 0.362, -0.0725]
[0.2, 0.3615, -0.073]
[0.2, 0.361, -0.0735]
[0.2, 0.361, -0.074]
[0.2, 0.3605, -0.0745]
[0.2, 0.36, -0.075]
[0.2, 0.36, -0.0755]
[0.2, 0.3595, -0.076]
