[0.2, 0.416, -0.0775]
[0.2, 0.416, -0.077]
[0.2, 0.416, -0.0765]
[0.2, 0.416, -0.076]
[0.2, 0.4165, -0.0755]
[0.2, 0.417, -0.075]
[0.2, 0.4175, -0.0745]
[0.2, 0.4175, -0.074]
[0.2, 0.4175, -0.0735]
[0.2, 0.4175, -0.073]
[0.2, 0.417, -0.0725]
[0.2, 0.4165, -0.0725]
[0.2, 0.416, -0.073]
[0.2, 0.4155, -0.0735]
[0.2, 0.415, -0.0735]
[0.2, 0.4145, -0.074]
[0.2, 0.415, -0.0735]
[0.2, 0.4155, -0.073]
[0.2, 0.416, -0.073]
[0.2, 0.4165, -0.0725]
[0.2, 0.4165, -0.072]
[0.2, 0.416, -0.0715]
[0.2, 0.4165, -0.072]
[0.2, 0.417, -0.0725]
[0.2, 0.4175, -0.073]
[0.2, 0.4175, -0.0735]
[0.2, 0.4175, -0.074]
[0.2, 0.4175, -0.0745]
[0.2, 0.417, -0.075]
[0.2, 0.4165, -0.0755]
[0.2, 0.416, -0.076]
