[0.2, 0.3495, -0.048]
[0.2, 0.349, -0.0475]
[0.2, 0.3485, -0.047]
[0.2, 0.348, -0.047]
[0.2, 0.3475, -0.0465]
[0.2, 0.347, -0.046]
[0.2, 0.3465, -0.0455]
[0.2, 0.346, -0.045]
[0.2, 0.3455, -0.045]
[0.2, 0.345, -0.045]
[0.2, 0.3445, -0.0445]
[0.2, 0.344, -0.0445]
[0.2, 0.3435, -0.044]
[0.2, 0.343, -0.0435]
[0.2, 0.3425, -0.0435]
[0.2, 0.342, -0.043]
[0.2, 0.3415, -0.0425]
[0.2, 0.342, -0.043]
[0.2, 0.3425, -0.0435]
[0.2, 0.343, -0.0435]
[0.2, 0.3435, -0.044]
[0.2, 0.344, -0.044]
[0.2, 0.3445, -0.0445]
[0.2, 0.345, -0.045]
[0.2, 0.3455, -0.0445]
[0.2, 0.3455, -0.044]
[0.2, 0.3455, -0.0435]
[0.2, 0.3455, -0.043]
[0.2, 0.345, -0.0425]
[0.2, 0.3455, -0.043]
[0.2, 0.3455, -0.0435]
[0.2, 0.3455, -0.044]
[0.2, 0.3455, -0.0445]
[0.2, 0.346, -0.045]
[0.2, 0.3465, -0.0455]
[0.2, 0.347, -0.046]
[0.2, 0.3475, -0.0465]
[0.2, 0.348, -0.0465]
[0.2, 0.3485, -0.047]
[0.2, 0.349, -0.0475]
