[0.2, 0.4225, -0.0725]
[0.2, 0.422, -0.072]
[0.2, 0.4215, -0.072]
[0.2, 0.4215, -0.0715]
[0.2, 0.4215, -0.071]
[0.2, 0.4215, -0.0705]
[0.2, 0.421, -0.07]
[0.2, 0.4205, -0.0695]
[0.2, 0.42, -0.0695]
[0.2, 0.4195, -0.069]
[0.2, 0.419, -0.069]
[0.2, 0.4195, -0.069]
[0.2, 0.42, -0.0695]
[0.2, 0.4205, -0.0695]
[0.2, 0.421, -0.07]
[0.2, 0.4215, -0.07]
[0.2, 0.422, -0.07]
[0.2, 0.4225, -0.0705]
[0.2, 0.423, -0.0705]
[0.2, 0.4235, -0.071]
[0.2, 0.424, -0.071]
[0.2, 0.4245, -0.071]
[0.2, 0.425, -0.071]
[0.2, 0.4255, -0.071]
[0.2, 0.426, -0.0705]
[0.2, 0.4265, -0.07]
[0.2, 0.4265, -0.0695]
[0.2, 0.426, -0.069]
[0.2, 0.4265, -0.0695]
[0.2, 0.427, -0.07]
[0.2, 0.4275, -0.0705]
[0.2, 0.428, -0.071]
[0.2, 0.4285, -0.0715]
[0.2, 0.429, -0.0715]
[0.2, 0.4295, -0.072]
[0.2, 0.43, -0.072]
[0.2, 0.4305, -0.0725]
[0.2, 0.431, -0.0725]
[0.2, 0.4315, -0.0725]
[0.2, 0.432, -0.0725]
[0.2, 0.4315, -0.0725]
[0.2, 0.431, -0.0725]
[0.2, 0.4305, -0.0725]
[0.2, 0.43, -0.072]
[0.2, 0.4295, -0.072]
[0.2, 0.429, -0.072]
[0.2, 0.4285, -0.0715]
[0.2, 0.428, -0.071]
[0.2, 0.4275, -0.0705]
[0.2, 0.427, -0.071]
[0.2, 0.4265, -0.071]
[0.2, 0.426, -0.071]
[0.2, 0.4255, -0.071]
[0.2, 0.425, -0.071]
[0.2, 0.4245, -0.071]
[0.2, 0.424, -0.071]
[0.2, 0.4235, -0.071]
[0.2, 0.423, -0.0705]
[0.2, 0.4225, -0.0705]
[0.2, 0.422, -0.071]
