[0.2, 0.416, -0.0255]
[0.2, 0.4155, -0.025]
[0.2, 0.415, -0.025]
[0.2, 0.4145, -0.0245]
[0.2, 0.414, -0.024]
[0.2, 0.4135, -0.0235]
[0.2, 0.413, -0.0235]
[0.2, 0.4125, -0.023]
[0.2, 0.412, -0.023]
[0.2, 0.4115, -0.023]
[0.2, 0.411, -0.023]
[0.2, 0.4105, -0.023]
[0.2, 0.41, -0.023]
[0.2, 0.4095, -0.023]
[0.2, 0.409, -0.023]
[0.2, 0.4085, -0.023]
[0.2, 0.408, -0.023]
[0.2, 0.4075, -0.0225]
[0.2, 0.407, -0.0225]
[0.2, 0.4065, -0.0225]
[0.2, 0.406, -0.0225]
[0.2, 0.4055, -0.023]
[0.2, 0.405, -0.0235]
[0.2, 0.4055, -0.023]
[0.2, 0.406, -0.0225]
[0.2, 0.4055, -0.022]
[0.2, 0.405, -0.0215]
[0.2, 0.4045, -0.0215]
[0.2, 0.404, -0.022]
[0.2, 0.4035, -0.022]
[0.2, 0.403, -0.0225]
[0.2, 0.4025, -0.022]
[0.2, 0.402, -0.022]
[0.2, 0.4015, -0.022]
[0.2, 0.402, -0.022]
[0.2, 0.4025, -0.022]
[0.2, 0.403, -0.0225]
[0.2, 0.4035, -0.022]
[0.2, 0.404, -0.0215]
[0.2, 0.404, -0.021]
[0.2, 0.4035, -0.0205]
[0.2, 0.403, -0.0205]
[0.2, 0.4035, -0.0205]
[0.2, 0.404, -0.021]
[0.2, 0.4045, -0.0215]
[0.2, 0.405, -0.0215]
[0.2, 0.4055, -0.022]
[0.2, 0.406, -0.0225]
[0.2, 0.4065, -0.0225]
[0.2, 0.407, -0.0225]
[0.2, 0.4075, -0.0225]
[0.2, 0.408, -0.023]
[0.2, 0.4085, -0.023]
[0.2, 0.409, -0.023]
[0.2, 0.4095, -0.023]
[0.2, 0.41, -0.023]
[0.2, 0.4105, -0.023]
[0.2, 0.411, -0.023]
[0.2, 0.4115, -0.023]
[0.2, 0.412, -0.023]
[0.2, 0.4125, -0.023]
[0.2, 0.413, -0.0235]
[0.2, 0.4135, -0.0235]
[0.2, 0.414, -0.024]
[0.2, 0.4145, -0.024]
[0.2, 0.415, -0.0235]
[0.2, 0.4155, -0.0235]
[0.2, 0.416, -0.0235]
[0.2, 0.4165, -0.0235]
[0.2, 0.417, -0.0235]
[0.2, 0.4175, -0.0235]
[0.2, 0.418, -0.0235]
[0.2, 0.4185, -0.0235]
[0.2, 0.419, -0.0235]
[0.2, 0.4195, -0.0235]
[0.2, 0.42, -0.0235]
[0.2, 0.4195, -0.0235]
[0.2, 0.419, -0.0235]
[0.2, 0.4185, -0.0235]
[0.2, 0.418, -0.0235]
[0.2, 0.4175, -0.0235]
[0.2, 0.417, -0.0235]
[0.2, 0.4165, -0.0235]
[0.2, 0.416, -0.0235]
[0.2, 0.4155, -0.0235]
[0.2, 0.415, -0.0235]
[0.2, 0.4145, -0.024]
[0.2, 0.415, -0.0245]
[0.2, 0.4155, -0.025]
[0.2, 0.416, -0.0255]
[0.2, 0.4165, -0.0255]
[0.2, 0.417, -0.0255]
[0.2, 0.4175, -0.0255]
[0.2, 0.418, -0.0255]
[0.2, 0.4185, -0.025]
[0.2, 0.419, -0.025]
[0.2, 0.4195, -0.025]
[0.2, 0.42, -0.025]
[0.2, 0.4195, -0.025]
[0.2, 0.419, -0.025]
[0.2, 0.4185, -0.025]
[0.2, 0.418, -0.0255]
[0.2, 0.4175, -0.0255]
