[0.2, 0.416, 0.0365]
[0.2, 0.4155, 0.037]
[0.2, 0.415, 0.037]
[0.2, 0.4145, 0.037]
[0.2, 0.414, 0.037]
[0.2, 0.4135, 0.0375]
[0.2, 0.413, 0.038]
[0.2, 0.4125, 0.038]
[0.2, 0.412, 0.038]
[0.2, 0.4115, 0.0375]
[0.2, 0.411, 0.037]
[0.2, 0.4105, 0.037]
[0.2, 0.41, 0.037]
[0.2, 0.4095, 0.037]
[0.2, 0.409, 0.037]
[0.2, 0.4085, 0.037]
[0.2, 0.408, 0.0375]
[0.2, 0.4075, 0.0375]
[0.2, 0.407, 0.0375]
[0.2, 0.4065, 0.0375]
[0.2, 0.406, 0.0375]
[0.2, 0.4055, 0.0375]
[0.2, 0.405, 0.0375]
[0.2, 0.4045, 0.038]
[0.2, 0.404, 0.038]
[0.2, 0.4035, 0.038]
[0.2, 0.403, 0.038]
[0.2, 0.4025, 0.038]
[0.2, 0.402, 0.038]
[0.2, 0.4015, 0.038]
[0.2, 0.401, 0.038]
[0.2, 0.4005, 0.0385]
[0.2, 0.4, 0.0385]
[0.2, 0.3995, 0.0385]
[0.2, 0.399, 0.0385]
[0.2, 0.3985, 0.0385]
[0.2, 0.398, 0.039]
[0.2, 0.3975, 0.039]
[0.2, 0.397, 0.039]
[0.2, 0.3965, 0.039]
[0.2, 0.396, 0.039]
[0.2, 0.3955, 0.039]
[0.2, 0.395, 0.039]
[0.2, 0.3945, 0.039]
[0.2, 0.394, 0.039]
[0.2, 0.3935, 0.039]
[0.2, 0.393, 0.039]
[0.2, 0.3925, 0.0385]
[0.2, 0.392, 0.0385]
[0.2, 0.3915, 0.0385]
[0.2, 0.391, 0.0385]
[0.2, 0.3905, 0.0385]
[0.2, 0.39, 0.038]
[0.2, 0.3895, 0.038]
[0.2, 0.389, 0.038]
[0.2, 0.3885, 0.038]
[0.2, 0.388, 0.038]
[0.2, 0.3875, 0.038]
[0.2, 0.387, 0.038]
[0.2, 0.3865, 0.038]
[0.2, 0.386, 0.0375]
[0.2, 0.3855, 0.0375]
[0.2, 0.385, 0.038]
[0.2, 0.3845, 0.038]
[0.2, 0.384, 0.038]
[0.2, 0.3835, 0.038]
[0.2, 0.383, 0.038]
[0.2, 0.3825, 0.038]
[0.2, 0.382, 0.038]
[0.2, 0.3815, 0.038]
[0.2, 0.381, 0.038]
[0.2, 0.3805, 0.038]
[0.2, 0.38, 0.0385]
[0.2, 0.3795, 0.039]
[0.2, 0.379, 0.039]
[0.2, 0.3785, 0.039]
[0.2, 0.378, 0.0385]
[0.2, 0.3785, 0.039]
[0.2, 0.379, 0.039]
[0.2, 0.3795, 0.039]
[0.2, 0.38, 0.0395]
[0.2, 0.38, 0.04]
[0.2, 0.38, 0.0405]
[0.2, 0.3805, 0.0405]
[0.2, 0.381, 0.041]
[0.2, 0.3815, 0.041]
[0.2, 0.382, 0.0415]
[0.2, 0.3825, 0.042]
[0.2, 0.3825, 0.0425]
[0.2, 0.383, 0.0425]
[0.2, 0.3835, 0.043]
[0.2, 0.384, 0.043]
[0.2, 0.3845, 0.0435]
[0.2, 0.385, 0.0435]
[0.2, 0.3855, 0.0435]
[0.2, 0.386, 0.0435]
[0.2, 0.3865, 0.0435]
[0.2, 0.387, 0.0435]
[0.2, 0.3875, 0.0435]
[0.2, 0.388, 0.043]
[0.2, 0.3885, 0.043]
[0.2, 0.389, 0.043]
[0.2, 0.3895, 0.043]
[0.2, 0.39, 0.043]
[0.2, 0.3905, 0.043]
[0.2, 0.391, 0.043]
[0.2, 0.3915, 0.0435]
[0.2, 0.392, 0.0435]
[0.2, 0.3925, 0.0435]
[0.2, 0.393, 0.0435]
[0.2, 0.3935, 0.0435]
[0.2, 0.394, 0.0435]
[0.2, 0.3945, 0.0435]
[0.2, 0.395, 0.0435]
[0.2, 0.3955, 0.0435]
[0.2, 0.396, 0.0435]
[0.2, 0.3965, 0.0435]
[0.2, 0.397, 0.0435]
[0.2, 0.3975, 0.0435]
[0.2, 0.398, 0.043]
[0.2, 0.3985, 0.043]
[0.2, 0.399, 0.043]
[0.2, 0.3995, 0.043]
[0.2, 0.4, 0.043]
[0.2, 0.4005, 0.043]
[0.2, 0.401, 0.043]
[0.2, 0.4015, 0.043]
[0.2, 0.402, 0.0425]
[0.2, 0.4025, 0.0425]
[0.2, 0.403, 0.0425]
[0.2, 0.4035, 0.042]
[0.2, 0.404, 0.042]
[0.2, 0.4045, 0.042]
[0.2, 0.405, 0.042]
[0.2, 0.4055, 0.0415]
[0.2, 0.406, 0.0415]
[0.2, 0.4065, 0.0415]
[0.2, 0.407, 0.0415]
[0.2, 0.4075, 0.041]
[0.2, 0.408, 0.041]
[0.2, 0.4085, 0.041]
[0.2, 0.409, 0.0405]
[0.2, 0.4095, 0.04]
[0.2, 0.41, 0.04]
[0.2, 0.4105, 0.04]
[0.2, 0.411, 0.04]
[0.2, 0.4115, 0.0395]
[0.2, 0.4115, 0.039]
[0.2, 0.412, 0.0385]
[0.2, 0.4125, 0.038]
[0.2, 0.413, 0.038]
[0.2, 0.4135, 0.0375]
[0.2, 0.414, 0.037]
[0.2, 0.4145, 0.037]
[0.2, 0.415, 0.037]
[0.2, 0.4155, 0.037]
[0.2, 0.416, 0.0365]
[0.2, 0.4165, 0.0365]
[0.2, 0.417, 0.0365]
[0.2, 0.4175, 0.0365]
