[0.2, 0.3445, -0.0415]
[0.2, 0.344, -0.041]
[0.2, 0.3435, -0.0405]
[0.2, 0.3435, -0.04]
[0.2, 0.343, -0.0395]
[0.2, 0.3425, -0.039]
[0.2, 0.342, -0.039]
[0.2, 0.3415, -0.039]
[0.2, 0.341, -0.0395]
[0.2, 0.3405, -0.04]
[0.2, 0.341, -0.0405]
[0.2, 0.3415, -0.0405]
[0.2, 0.341, -0.0405]
[0.2, 0.3405, -0.0405]
[0.2, 0.3405, -0.04]
[0.2, 0.341, -0.0395]
[0.2, 0.341, -0.039]
[0.2, 0.341, -0.0385]
[0.2, 0.341, -0.038]
[0.2, 0.341, -0.0375]
[0.2, 0.341, -0.037]
[0.2, 0.341, -0.0365]
[0.2, 0.341, -0.036]
[0.2, 0.341, -0.0355]
[0.2, 0.341, -0.035]
[0.2, 0.341, -0.0345]
[0.2, 0.3415, -0.034]
[0.2, 0.3415, -0.0335]
[0.2, 0.342, -0.033]
[0.2, 0.342, -0.0325]
[0.2, 0.342, -0.033]
[0.2, 0.3415, -0.0335]
[0.2, 0.3415, -0.034]
[0.2, 0.3415, -0.0345]
[0.2, 0.341, -0.035]
[0.2, 0.341, -0.0355]
[0.2, 0.341, -0.036]
[0.2, 0.3415, -0.0365]
[0.2, 0.342, -0.0365]
[0.2, 0.3415, -0.0365]
[0.2, 0.341, -0.037]
[0.2, 0.341, -0.0375]
[0.2, 0.341, -0.038]
[0.2, 0.341, -0.0385]
[0.2, 0.3415, -0.039]
[0.2, 0.342, -0.039]
[0.2, 0.3425, -0.039]
[0.2, 0.343, -0.0395]
[0.2, 0.3435, -0.04]
