[0.2, 0.3545, -0.0025]
[0.2, 0.3545, -0.002]
[0.2, 0.3545, -0.0015]
[0.2, 0.3545, -0.001]
[0.2, 0.3545, -0.0005]
[0.2, 0.355, 0]
[0.2, 0.355, 0.0005]
[0.2, 0.355, 0.001]
[0.2, 0.355, 0.0015]
[0.2, 0.355, 0.002]
[0.2, 0.355, 0.0025]
[0.2, 0.355, 0.003]
[0.2, 0.3555, 0.0035]
[0.2, 0.3555, 0.004]
[0.2, 0.3555, 0.0045]
[0.2, 0.356, 0.005]
[0.2, 0.356, 0.0055]
[0.2, 0.3565, 0.006]
[0.2, 0.357, 0.006]
[0.2, 0.3575, 0.0065]
[0.2, 0.358, 0.007]
[0.2, 0.3585, 0.0075]
[0.2, 0.3585, 0.008]
[0.2, 0.3585, 0.0085]
[0.2, 0.359, 0.0085]
[0.2, 0.3595, 0.0085]
[0.2, 0.359, 0.0085]
[0.2, 0.3585, 0.008]
[0.2, 0.3585, 0.0075]
[0.2, 0.358, 0.007]
[0.2, 0.3575, 0.0065]
[0.2, 0.357, 0.006]
[0.2, 0.3565, 0.0055]
[0.2, 0.356, 0.005]
[0.2, 0.356, 0.0045]
[0.2, 0.3555, 0.004]
[0.2, 0.3555, 0.0035]
[0.2, 0.3555, 0.003]
[0.2, 0.355, 0.0025]
[0.2, 0.355, 0.002]
[0.2, 0.355, 0.0015]
[0.2, 0.355, 0.001]
[0.2, 0.355, 0.0005]
[0.2, 0.355, 0]
[0.2, 0.3545, -0.0005]
[0.2, 0.3545, -0.001]
