[0.2, 0.3665, -0.078]
[0.2, 0.3665, -0.0775]
[0.2, 0.3665, -0.077]
[0.2, 0.3665, -0.0765]
[0.2, 0.3665, -0.076]
[0.2, 0.367, -0.0755]
[0.2, 0.367, -0.075]
[0.2, 0.367, -0.0745]
[0.2, 0.3675, -0.074]
[0.2, 0.3675, -0.0735]
[0.2, 0.368, -0.073]
[0.2, 0.368, -0.0725]
[0.2, 0.3685, -0.072]
[0.2, 0.369, -0.0715]
[0.2, 0.3685, -0.071]
[0.2, 0.369, -0.0715]
[0.2, 0.3695, -0.071]
[0.2, 0.369, -0.0715]
[0.2, 0.369, -0.072]
[0.2, 0.3685, -0.0725]
[0.2, 0.368, -0.073]
[0.2, 0.3675, -0.0735]
[0.2, 0.3675, -0.074]
[0.2, 0.367, -0.0745]
[0.2, 0.367, -0.075]
[0.2, 0.367, -0.0755]
[0.2, 0.367, -0.076]
[0.2, 0.3665, -0.0765]
