[0.2, 0.3695, -0.007]
[0.2, 0.369, -0.0065]
[0.2, 0.3685, -0.0065]
[0.2, 0.368, -0.006]
[0.2, 0.3675, -0.0065]
[0.2, 0.367, -0.0065]
[0.2, 0.3665, -0.0065]
[0.2, 0.366, -0.0065]
[0.2, 0.3655, -0.0065]
[0.2, 0.365, -0.0065]
[0.2, 0.3645, -0.006]
[0.2, 0.364, -0.006]
[0.2, 0.3635, -0.0055]
[0.2, 0.363, -0.0055]
[0.2, 0.3625, -0.0055]
[0.2, 0.362, -0.005]
[0.2, 0.3615, -0.005]
[0.2, 0.361, -0.0045]
[0.2, 0.3605, -0.0045]
[0.2, 0.36, -0.0045]
[0.2, 0.3595, -0.005]
[0.2, 0.36, -0.0045]
[0.2, 0.36, -0.004]
[0.2, 0.3595, -0.0035]
[0.2, 0.359, -0.0035]
[0.2, 0.3585, -0.0035]
[0.2, 0.358, -0.0035]
[0.2, 0.3575, -0.004]
[0.2, 0.357, -0.004]
[0.2, 0.3565, -0.0045]
[0.2, 0.356, -0.005]
[0.2, 0.3555, -0.005]
[0.2, 0.355, -0.0055]
[0.2, 0.3545, -0.006]
[0.2, 0.3545, -0.0065]
[0.2, 0.3545, -0.006]
[0.2, 0.355, -0.0055]
[0.2, 0.3555, -0.005]
[0.2, 0.356, -0.0045]
[0.2, 0.3565, -0.004]
[0.2, 0.357, -0.004]
[0.2, 0.3575, -0.0035]
[0.2, 0.358, -0.0035]
[0.2, 0.3585, -0.0035]
[0.2, 0.359, -0.0035]
[0.2, 0.3595, -0.0035]
[0.2, 0.36, -0.0035]
[0.2, 0.36, -0.004]
[0.2, 0.3605, -0.0045]
[0.2, 0.361, -0.0045]
[0.2, 0.3615, -0.005]
[0.2, 0.362, -0.005]
[0.2, 0.3625, -0.0055]
[0.2, 0.363, -0.0055]
[0.2, 0.3635, -0.0055]
[0.2, 0.364, -0.006]
[0.2, 0.3645, -0.006]
[0.2, 0.365, -0.0065]
[0.2, 0.3655, -0.0065]
[0.2, 0.366, -0.0065]
[0.2, 0.3665, -0.0065]
[0.2, 0.367, -0.0065]
[0.2, 0.3675, -0.0065]
[0.2, 0.368, -0.006]
[0.2, 0.368, -0.0055]
[0.2, 0.3675, -0.005]
[0.2, 0.367, -0.0045]
[0.2, 0.3665, -0.004]
[0.2, 0.367, -0.0045]
[0.2, 0.3675, -0.0045]
[0.2, 0.368, -0.005]
[0.2, 0.3685, -0.005]
[0.2, 0.369, -0.0045]
[0.2, 0.3695, -0.0045]
[0.2, 0.37, -0.0045]
[0.2, 0.3705, -0.0045]
[0.2, 0.371, -0.0045]
[0.2, 0.3715, -0.0045]
[0.2, 0.372, -0.0045]
[0.2, 0.3725, -0.005]
[0.2, 0.373, -0.005]
[0.2, 0.373, -0.0055]
[0.2, 0.373, -0.006]
[0.2, 0.3735, -0.0065]
[0.2, 0.374, -0.007]
[0.2, 0.3745, -0.007]
[0.2, 0.375, -0.0065]
[0.2, 0.3755, -0.0065]
[0.2, 0.376, -0.0065]
[0.2, 0.3765, -0.006]
[0.2, 0.3765, -0.0055]
[0.2, 0.377, -0.005]
[0.2, 0.3775, -0.0045]
[0.2, 0.378, -0.0045]
[0.2, 0.3785, -0.004]
[0.2, 0.379, -0.004]
[0.2, 0.3795, -0.004]
[0.2, 0.379, -0.004]
[0.2, 0.3785, -0.004]
[0.2, 0.378, -0.0045]
[0.2, 0.3775, -0.0045]
[0.2, 0.377, -0.005]
[0.2, 0.3765, -0.0055]
[0.2, 0.3765, -0.006]
[0.2, 0.377, -0.0065]
[0.2, 0.3775, -0.0065]
[0.2, 0.378, -0.0065]
[0.2, 0.3785, -0.0065]
[0.2, 0.379, -0.0065]
[0.2, 0.3795, -0.0065]
[0.2, 0.38, -0.006]
[0.2, 0.3805, -0.006]
[0.2, 0.381, -0.006]
[0.2, 0.3815, -0.006]
[0.2, 0.382, -0.006]
[0.2, 0.3825, -0.0065]
[0.2, 0.383, -0.007]
[0.2, 0.3825, -0.0065]
[0.2, 0.382, -0.0065]
[0.2, 0.3815, -0.006]
[0.2, 0.381, -0.006]
[0.2, 0.3805, -0.006]
[0.2, 0.38, -0.006]
[0.2, 0.3795, -0.0065]
[0.2, 0.379, -0.0065]
[0.2, 0.3785, -0.0065]
[0.2, 0.378, -0.0065]
[0.2, 0.3775, -0.0065]
[0.2, 0.377, -0.0065]
[0.2, 0.3765, -0.0065]
[0.2, 0.376, -0.0065]
[0.2, 0.3755, -0.0065]
[0.2, 0.375, -0.0065]
[0.2, 0.3745, -0.007]
[0.2, 0.374, -0.007]
[0.2, 0.3735, -0.007]
[0.2, 0.373, -0.007]
[0.2, 0.3725, -0.007]
[0.2, 0.372, -0.007]
[0.2, 0.3715, -0.007]
[0.2, 0.371, -0.007]
