[0.2, 0.406, -0.0785]
[0.2, 0.4055, -0.078]
[0.2, 0.4055, -0.0775]
[0.2, 0.4055, -0.077]
[0.2, 0.4055, -0.0765]
[0.2, 0.4055, -0.076]
[0.2, 0.4055, -0.0755]
[0.2, 0.4055, -0.075]
[0.2, 0.4055, -0.0745]
[0.2, 0.405, -0.074]
[0.2, 0.405, -0.0735]
[0.2, 0.405, -0.073]
[0.2, 0.4045, -0.0725]
[0.2, 0.404, -0.072]
[0.2, 0.4045, -0.0725]
[0.2, 0.405, -0.0725]
[0.2, 0.405, -0.073]
[0.2, 0.405, -0.0735]
[0.2, 0.4055, -0.074]
[0.2, 0.4055, -0.0745]
[0.2, 0.4055, -0.075]
[0.2, 0.4055, -0.0755]
[0.2, 0.4055, -0.076]
[0.2, 0.4055, -0.0765]
[0.2, 0.4055, -0.077]
