[0.2, 0.339, -0.01]
[0.2, 0.3395, -0.0105]
[0.2, 0.34, -0.01]
[0.2, 0.3405, -0.01]
[0.2, 0.341, -0.0095]
[0.2, 0.3415, -0.0095]
[0.2, 0.342, -0.009]
[0.2, 0.342, -0.0085]
[0.2, 0.342, -0.008]
[0.2, 0.342, -0.0075]
[0.2, 0.3425, -0.007]
[0.2, 0.3425, -0.0065]
[0.2, 0.343, -0.006]
[0.2, 0.343, -0.0055]
[0.2, 0.343, -0.005]
[0.2, 0.3435, -0.0045]
[0.2, 0.3435, -0.004]
[0.2, 0.3435, -0.0035]
[0.2, 0.343, -0.003]
[0.2, 0.3425, -0.003]
[0.2, 0.342, -0.0035]
[0.2, 0.3415, -0.0035]
[0.2, 0.341, -0.0035]
[0.2, 0.3405, -0.004]
[0.2, 0.34, -0.0045]
[0.2, 0.3395, -0.005]
[0.2, 0.3395, -0.0055]
[0.2, 0.3395, -0.006]
[0.2, 0.3395, -0.0065]
[0.2, 0.3395, -0.007]
[0.2, 0.3395, -0.0075]
[0.2, 0.3395, -0.008]
[0.2, 0.339, -0.0085]
