[0.2, 0.413, 0.016]
[0.2, 0.4135, 0.016]
[0.2, 0.414, 0.0165]
[0.2, 0.4145, 0.017]
[0.2, 0.415, 0.017]
[0.2, 0.4155, 0.0175]
[0.2, 0.4155, 0.018]
[0.2, 0.416, 0.0185]
[0.2, 0.4165, 0.019]
[0.2, 0.417, 0.0195]
[0.2, 0.4175, 0.02]
[0.2, 0.418, 0.0205]
[0.2, 0.4185, 0.0205]
[0.2, 0.419, 0.021]
[0.2, 0.4195, 0.021]
[0.2, 0.42, 0.0215]
[0.2, 0.4205, 0.0215]
[0.2, 0.421, 0.022]
[0.2, 0.4215, 0.0225]
[0.2, 0.422, 0.0225]
[0.2, 0.4225, 0.023]
[0.2, 0.423, 0.023]
[0.2, 0.4225, 0.023]
[0.2, 0.422, 0.0225]
[0.2, 0.4215, 0.0225]
[0.2, 0.421, 0.022]
[0.2, 0.421, 0.0215]
[0.2, 0.4205, 0.0215]
[0.2, 0.42, 0.0215]
[0.2, 0.4195, 0.021]
[0.2, 0.419, 0.021]
[0.2, 0.4185, 0.0205]
[0.2, 0.418, 0.0205]
[0.2, 0.4175, 0.02]
[0.2, 0.417, 0.0195]
[0.2, 0.4165, 0.019]
[0.2, 0.416, 0.0185]
[0.2, 0.4155, 0.018]
[0.2, 0.4155, 0.0175]
[0.2, 0.415, 0.017]
[0.2, 0.4145, 0.0165]
