[0.2, 0.3955, -0.005]
[0.2, 0.3955, -0.0045]
[0.2, 0.3955, -0.004]
[0.2, 0.396, -0.0035]
[0.2, 0.396, -0.003]
[0.2, 0.3965, -0.0025]
[0.2, 0.3965, -0.002]
[0.2, 0.397, -0.0015]
[0.2, 0.397, -0.001]
[0.2, 0.3975, -0.0005]
[0.2, 0.3975, 0]
[0.2, 0.398, 0.0005]
[0.2, 0.398, 0.001]
[0.2, 0.3985, 0.0015]
[0.2, 0.399, 0.002]
[0.2, 0.399, 0.0025]
[0.2, 0.3995, 0.003]
[0.2, 0.4, 0.0035]
[0.2, 0.4005, 0.004]
[0.2, 0.401, 0.0045]
[0.2, 0.4015, 0.005]
[0.2, 0.402, 0.0055]
[0.2, 0.4025, 0.0055]
[0.2, 0.403, 0.006]
[0.2, 0.4035, 0.0065]
[0.2, 0.404, 0.007]
[0.2, 0.4045, 0.007]
[0.2, 0.405, 0.0075]
[0.2, 0.4055, 0.008]
[0.2, 0.406, 0.008]
[0.2, 0.4065, 0.008]
[0.2, 0.407, 0.008]
[0.2, 0.4075, 0.0085]
[0.2, 0.408, 0.0085]
[0.2, 0.4085, 0.0085]
[0.2, 0.409, 0.0085]
[0.2, 0.4095, 0.0085]
[0.2, 0.41, 0.0085]
[0.2, 0.4105, 0.0085]
[0.2, 0.411, 0.0085]
[0.2, 0.4115, 0.0085]
[0.2, 0.412, 0.0085]
[0.2, 0.4125, 0.0085]
[0.2, 0.413, 0.009]
[0.2, 0.4135, 0.009]
[0.2, 0.414, 0.009]
[0.2, 0.4145, 0.009]
[0.2, 0.415, 0.009]
[0.2, 0.4155, 0.009]
[0.2, 0.416, 0.009]
[0.2, 0.4165, 0.009]
[0.2, 0.417, 0.009]
[0.2, 0.4175, 0.0085]
[0.2, 0.418, 0.0085]
[0.2, 0.4185, 0.0085]
[0.2, 0.419, 0.0085]
[0.2, 0.4195, 0.0085]
[0.2, 0.42, 0.0085]
[0.2, 0.4205, 0.0085]
[0.2, 0.421, 0.008]
[0.2, 0.4215, 0.008]
[0.2, 0.422, 0.008]
[0.2, 0.4225, 0.008]
[0.2, 0.423, 0.0075]
[0.2, 0.4235, 0.0075]
[0.2, 0.424, 0.0075]
[0.2, 0.4245, 0.0075]
[0.2, 0.425, 0.0075]
[0.2, 0.4255, 0.007]
[0.2, 0.426, 0.007]
[0.2, 0.4265, 0.007]
[0.2, 0.427, 0.0065]
[0.2, 0.4275, 0.0065]
[0.2, 0.428, 0.006]
[0.2, 0.4285, 0.006]
[0.2, 0.429, 0.0055]
[0.2, 0.4295, 0.0055]
[0.2, 0.43, 0.005]
[0.2, 0.4305, 0.005]
[0.2, 0.431, 0.0045]
[0.2, 0.4315, 0.004]
[0.2, 0.4315, 0.0035]
[0.2, 0.432, 0.003]
[0.2, 0.432, 0.0025]
[0.2, 0.4325, 0.002]
[0.2, 0.4325, 0.0015]
[0.2, 0.4325, 0.001]
[0.2, 0.433, 0.0005]
[0.2, 0.433, 0]
[0.2, 0.433, -0.0005]
[0.2, 0.433, -0.001]
[0.2, 0.433, -0.0015]
[0.2, 0.4335, -0.002]
[0.2, 0.4335, -0.0025]
[0.2, 0.4335, -0.003]
[0.2, 0.4335, -0.0025]
[0.2, 0.4335, -0.002]
[0.2, 0.433, -0.0015]
[0.2, 0.433, -0.001]
[0.2, 0.433, -0.0005]
[0.2, 0.433, 0]
[0.2, 0.4325, 0.0005]
[0.2, 0.4325, 0.001]
[0.2, 0.4325, 0.0015]
[0.2, 0.432, 0.002]
[0.2, 0.432, 0.0025]
[0.2, 0.432, 0.003]
[0.2, 0.4315, 0.0035]
[0.2, 0.431, 0.004]
[0.2, 0.4305, 0.0045]
[0.2, 0.43, 0.005]
[0.2, 0.4295, 0.005]
[0.2, 0.429, 0.0055]
[0.2, 0.4285, 0.0055]
[0.2, 0.428, 0.006]
[0.2, 0.4275, 0.006]
[0.2, 0.427, 0.0065]
[0.2, 0.4265, 0.0065]
[0.2, 0.426, 0.007]
[0.2, 0.4255, 0.007]
[0.2, 0.425, 0.007]
[0.2, 0.4245, 0.0075]
[0.2, 0.424, 0.0075]
[0.2, 0.4235, 0.0075]
[0.2, 0.423, 0.0075]
[0.2, 0.4225, 0.008]
[0.2, 0.422, 0.008]
[0.2, 0.4215, 0.008]
[0.2, 0.421, 0.008]
[0.2, 0.4205, 0.0085]
[0.2, 0.42, 0.0085]
[0.2, 0.4195, 0.0085]
[0.2, 0.419, 0.0085]
[0.2, 0.4185, 0.0085]
[0.2, 0.418, 0.0085]
[0.2, 0.4175, 0.0085]
[0.2, 0.417, 0.009]
[0.2, 0.4165, 0.009]
[0.2, 0.416, 0.009]
[0.2, 0.4155, 0.009]
[0.2, 0.415, 0.009]
[0.2, 0.4145, 0.009]
[0.2, 0.414, 0.009]
[0.2, 0.4135, 0.009]
[0.2, 0.413, 0.009]
[0.2, 0.4125, 0.0085]
[0.2, 0.412, 0.0085]
[0.2, 0.4115, 0.0085]
[0.2, 0.411, 0.0085]
[0.2, 0.4105, 0.0085]
[0.2, 0.41, 0.0085]
[0.2, 0.4095, 0.0085]
[0.2, 0.409, 0.0085]
[0.2, 0.4085, 0.0085]
[0.2, 0.408, 0.0085]
[0.2, 0.4075, 0.0085]
[0.2, 0.407, 0.008]
[0.2, 0.4065, 0.008]
[0.2, 0.406, 0.008]
[0.2, 0.4055, 0.0075]
[0.2, 0.405, 0.0075]
[0.2, 0.4045, 0.007]
[0.2, 0.404, 0.0065]
[0.2, 0.4035, 0.0065]
[0.2, 0.403, 0.006]
[0.2, 0.4025, 0.0055]
[0.2, 0.402, 0.005]
[0.2, 0.4015, 0.0045]
[0.2, 0.401, 0.004]
[0.2, 0.4005, 0.0035]
[0.2, 0.4, 0.003]
[0.2, 0.3995, 0.0025]
[0.2, 0.399, 0.002]
[0.2, 0.399, 0.0015]
[0.2, 0.3985, 0.001]
[0.2, 0.398, 0.0005]
[0.2, 0.398, 0]
[0.2, 0.3975, -0.0005]
[0.2, 0.3975, -0.001]
[0.2, 0.397, -0.0015]
[0.2, 0.3965, -0.002]
[0.2, 0.3965, -0.0025]
[0.2, 0.396, -0.003]
[0.2, 0.396, -0.0035]
