[0.2, 0.3915, -0.08]
[0.2, 0.3915, -0.0795]
[0.2, 0.3915, -0.079]
[0.2, 0.3915, -0.0785]
[0.2, 0.391, -0.078]
[0.2, 0.391, -0.0775]
[0.2, 0.391, -0.077]
[0.2, 0.391, -0.0765]
[0.2, 0.391, -0.076]
[0.2, 0.391, -0.0755]
[0.2, 0.391, -0.075]
[0.2, 0.3905, -0.0745]
[0.2, 0.3905, -0.074]
[0.2, 0.3905, -0.0735]
[0.2, 0.3905, -0.073]
[0.2, 0.3905, -0.0725]
[0.2, 0.3905, -0.072]
[0.2, 0.3905, -0.0715]
[0.2, 0.3905, -0.071]
[0.2, 0.3905, -0.0715]
[0.2, 0.3905, -0.072]
[0.2, 0.3905, -0.0725]
[0.2, 0.3905, -0.073]
[0.2, 0.3905, -0.0735]
[0.2, 0.3905, -0.074]
[0.2, 0.391, -0.0745]
[0.2, 0.391, -0.075]
[0.2, 0.391, -0.0755]
[0.2, 0.391, -0.076]
[0.2, 0.391, -0.0765]
[0.2, 0.391, -0.077]
[0.2, 0.391, -0.0775]
[0.2, 0.391, -0.078]
[0.2, 0.3915, -0.0785]
