[0.2, 0.4105, 0.018]
[0.2, 0.4105, 0.0185]
[0.2, 0.4105, 0.019]
[0.2, 0.4105, 0.0195]
[0.2, 0.41, 0.02]
[0.2, 0.4095, 0.0205]
[0.2, 0.409, 0.021]
[0.2, 0.4085, 0.021]
[0.2, 0.408, 0.0215]
[0.2, 0.4075, 0.0215]
[0.2, 0.407, 0.022]
[0.2, 0.4065, 0.0225]
[0.2, 0.406, 0.0225]
[0.2, 0.4055, 0.0225]
[0.2, 0.405, 0.0225]
[0.2, 0.4045, 0.0225]
[0.2, 0.404, 0.023]
[0.2, 0.4035, 0.023]
[0.2, 0.403, 0.023]
[0.2, 0.4025, 0.0235]
[0.2, 0.402, 0.0235]
[0.2, 0.4015, 0.024]
[0.2, 0.401, 0.024]
[0.2, 0.4005, 0.024]
[0.2, 0.4005, 0.0245]
[0.2, 0.4005, 0.025]
[0.2, 0.4, 0.0255]
[0.2, 0.3995, 0.026]
[0.2, 0.399, 0.0265]
[0.2, 0.3985, 0.027]
[0.2, 0.398, 0.027]
[0.2, 0.3975, 0.0275]
[0.2, 0.397, 0.0275]
[0.2, 0.3965, 0.0275]
[0.2, 0.396, 0.0275]
[0.2, 0.3955, 0.0275]
[0.2, 0.395, 0.0275]
[0.2, 0.3945, 0.0275]
[0.2, 0.394, 0.027]
[0.2, 0.3935, 0.027]
[0.2, 0.393, 0.027]
[0.2, 0.3925, 0.027]
[0.2, 0.392, 0.027]
[0.2, 0.3915, 0.0265]
[0.2, 0.391, 0.026]
[0.2, 0.3905, 0.026]
[0.2, 0.39, 0.0255]
[0.2, 0.3895, 0.0255]
[0.2, 0.389, 0.025]
[0.2, 0.3885, 0.0245]
[0.2, 0.388, 0.0245]
[0.2, 0.3875, 0.0245]
[0.2, 0.387, 0.024]
[0.2, 0.3865, 0.024]
[0.2, 0.386, 0.024]
[0.2, 0.3855, 0.024]
[0.2, 0.385, 0.024]
[0.2, 0.3845, 0.024]
[0.2, 0.384, 0.024]
[0.2, 0.3835, 0.0235]
[0.2, 0.383, 0.0235]
[0.2, 0.3825, 0.0235]
[0.2, 0.382, 0.023]
[0.2, 0.3815, 0.023]
[0.2, 0.381, 0.0225]
[0.2, 0.3805, 0.0225]
[0.2, 0.38, 0.0225]
[0.2, 0.3805, 0.0225]
[0.2, 0.381, 0.023]
[0.2, 0.3815, 0.023]
[0.2, 0.382, 0.023]
[0.2, 0.3825, 0.0235]
[0.2, 0.383, 0.0235]
[0.2, 0.3835, 0.0235]
[0.2, 0.384, 0.024]
[0.2, 0.3845, 0.024]
[0.2, 0.385, 0.024]
[0.2, 0.3855, 0.024]
[0.2, 0.386, 0.024]
[0.2, 0.3865, 0.024]
[0.2, 0.387, 0.024]
[0.2, 0.3875, 0.0245]
[0.2, 0.388, 0.0245]
[0.2, 0.3885, 0.0245]
[0.2, 0.389, 0.025]
[0.2, 0.3895, 0.0255]
[0.2, 0.39, 0.026]
[0.2, 0.3905, 0.026]
[0.2, 0.391, 0.0265]
[0.2, 0.3915, 0.027]
[0.2, 0.392, 0.027]
[0.2, 0.3925, 0.027]
[0.2, 0.393, 0.027]
[0.2, 0.3935, 0.027]
[0.2, 0.394, 0.027]
[0.2, 0.3945, 0.0275]
[0.2, 0.395, 0.0275]
[0.2, 0.3955, 0.0275]
[0.2, 0.396, 0.0275]
[0.2, 0.3965, 0.0275]
[0.2, 0.397, 0.0275]
[0.2, 0.3975, 0.0275]
[0.2, 0.398, 0.027]
[0.2, 0.3985, 0.027]
[0.2, 0.399, 0.0265]
[0.2, 0.3995, 0.0265]
[0.2, 0.4, 0.026]
[0.2, 0.4, 0.0255]
[0.2, 0.4005, 0.025]
[0.2, 0.4005, 0.0245]
[0.2, 0.401, 0.024]
[0.2, 0.4015, 0.024]
[0.2, 0.402, 0.0235]
[0.2, 0.4025, 0.0235]
[0.2, 0.403, 0.023]
[0.2, 0.4035, 0.023]
[0.2, 0.404, 0.023]
[0.2, 0.4045, 0.023]
[0.2, 0.405, 0.0225]
[0.2, 0.4055, 0.0225]
[0.2, 0.406, 0.0225]
[0.2, 0.4065, 0.0225]
[0.2, 0.407, 0.022]
[0.2, 0.4075, 0.0215]
[0.2, 0.408, 0.0215]
[0.2, 0.4085, 0.0215]
[0.2, 0.409, 0.021]
[0.2, 0.4095, 0.0205]
[0.2, 0.41, 0.02]
[0.2, 0.4105, 0.0195]
