[0.2, 0.4175, 0.069]
[0.2, 0.417, 0.0695]
[0.2, 0.4165, 0.07]
[0.2, 0.416, 0.07]
[0.2, 0.4155, 0.0705]
[0.2, 0.415, 0.071]
[0.2, 0.4145, 0.071]
[0.2, 0.414, 0.0715]
[0.2, 0.4135, 0.0715]
[0.2, 0.413, 0.0715]
[0.2, 0.4125, 0.072]
[0.2, 0.412, 0.072]
[0.2, 0.4115, 0.0725]
[0.2, 0.411, 0.0725]
[0.2, 0.4105, 0.073]
[0.2, 0.41, 0.073]
[0.2, 0.4095, 0.073]
[0.2, 0.409, 0.0735]
[0.2, 0.4085, 0.0735]
[0.2, 0.408, 0.0735]
[0.2, 0.4075, 0.0735]
[0.2, 0.407, 0.074]
[0.2, 0.4065, 0.074]
[0.2, 0.406, 0.074]
[0.2, 0.4055, 0.074]
[0.2, 0.405, 0.074]
[0.2, 0.4045, 0.074]
[0.2, 0.404, 0.0745]
[0.2, 0.4035, 0.0745]
[0.2, 0.403, 0.0745]
[0.2, 0.4025, 0.0745]
[0.2, 0.402, 0.0745]
[0.2, 0.4015, 0.0745]
[0.2, 0.401, 0.0745]
[0.2, 0.4005, 0.0745]
[0.2, 0.4, 0.0745]
[0.2, 0.3995, 0.0745]
[0.2, 0.399, 0.0745]
[0.2, 0.3985, 0.075]
[0.2, 0.398, 0.075]
[0.2, 0.3975, 0.075]
[0.2, 0.397, 0.075]
[0.2, 0.3965, 0.075]
[0.2, 0.396, 0.075]
[0.2, 0.3965, 0.075]
[0.2, 0.397, 0.075]
[0.2, 0.3975, 0.075]
[0.2, 0.398, 0.075]
[0.2, 0.3985, 0.075]
[0.2, 0.399, 0.0745]
[0.2, 0.3995, 0.0745]
[0.2, 0.4, 0.0745]
[0.2, 0.4005, 0.0745]
[0.2, 0.401, 0.0745]
[0.2, 0.4015, 0.0745]
[0.2, 0.402, 0.0745]
[0.2, 0.4025, 0.0745]
[0.2, 0.403, 0.0745]
[0.2, 0.4035, 0.0745]
[0.2, 0.404, 0.0745]
[0.2, 0.4045, 0.074]
[0.2, 0.405, 0.074]
[0.2, 0.4055, 0.074]
[0.2, 0.406, 0.074]
[0.2, 0.4065, 0.074]
[0.2, 0.407, 0.074]
[0.2, 0.4075, 0.074]
[0.2, 0.408, 0.0735]
[0.2, 0.4085, 0.0735]
[0.2, 0.409, 0.0735]
[0.2, 0.4095, 0.073]
[0.2, 0.41, 0.073]
[0.2, 0.4105, 0.073]
[0.2, 0.411, 0.0725]
[0.2, 0.4115, 0.0725]
[0.2, 0.412, 0.072]
[0.2, 0.4125, 0.072]
[0.2, 0.413, 0.0715]
[0.2, 0.4135, 0.0715]
[0.2, 0.414, 0.0715]
[0.2, 0.4145, 0.071]
[0.2, 0.415, 0.071]
[0.2, 0.4155, 0.0705]
[0.2, 0.416, 0.07]
[0.2, 0.4165, 0.07]
[0.2, 0.417, 0.0695]
[0.2, 0.4175, 0.0695]
[0.2, 0.418, 0.069]
