[0.2, 0.4465, 0.014]
[0.2, 0.4465, 0.0145]
[0.2, 0.4465, 0.015]
[0.2, 0.4465, 0.0155]
[0.2, 0.4465, 0.016]
[0.2, 0.4465, 0.0165]
[0.2, 0.4465, 0.017]
[0.2, 0.4465, 0.0175]
[0.2, 0.4465, 0.018]
[0.2, 0.4465, 0.0185]
[0.2, 0.4465, 0.019]
[0.2, 0.4465, 0.0195]
[0.2, 0.4465, 0.02]
[0.2, 0.4465, 0.0205]
[0.2, 0.4465, 0.021]
[0.2, 0.4465, 0.0215]
[0.2, 0.4465, 0.022]
[0.2, 0.4465, 0.0225]
[0.2, 0.4465, 0.023]
[0.2, 0.4465, 0.0235]
[0.2, 0.4465, 0.024]
[0.2, 0.446, 0.0245]
[0.2, 0.446, 0.025]
[0.2, 0.446, 0.0255]
[0.2, 0.446, 0.026]
[0.2, 0.446, 0.0265]
[0.2, 0.446, 0.027]
[0.2, 0.446, 0.0275]
[0.2, 0.446, 0.028]
[0.2, 0.446, 0.0285]
[0.2, 0.446, 0.029]
[0.2, 0.446, 0.0295]
[0.2, 0.446, 0.03]
[0.2, 0.446, 0.0305]
[0.2, 0.446, 0.031]
[0.2, 0.4455, 0.0315]
[0.2, 0.4455, 0.032]
[0.2, 0.4455, 0.0325]
[0.2, 0.4455, 0.033]
[0.2, 0.445, 0.0335]
[0.2, 0.445, 0.034]
[0.2, 0.445, 0.0345]
[0.2, 0.445, 0.035]
[0.2, 0.445, 0.0355]
[0.2, 0.4445, 0.036]
[0.2, 0.4445, 0.0365]
[0.2, 0.4445, 0.037]
[0.2, 0.444, 0.0375]
[0.2, 0.444, 0.038]
[0.2, 0.444, 0.0385]
[0.2, 0.444, 0.039]
[0.2, 0.4435, 0.0395]
[0.2, 0.4435, 0.04]
[0.2, 0.4435, 0.0405]
[0.2, 0.443, 0.041]
[0.2, 0.443, 0.0415]
[0.2, 0.4425, 0.042]
[0.2, 0.4425, 0.0425]
[0.2, 0.4425, 0.043]
[0.2, 0.442, 0.0435]
[0.2, 0.442, 0.044]
[0.2, 0.442, 0.0445]
[0.2, 0.442, 0.045]
[0.2, 0.4415, 0.0455]
[0.2, 0.4415, 0.046]
[0.2, 0.4415, 0.0465]
[0.2, 0.441, 0.047]
[0.2, 0.441, 0.0475]
[0.2, 0.4405, 0.048]
[0.2, 0.4405, 0.0485]
[0.2, 0.4405, 0.049]
[0.2, 0.4405, 0.0495]
[0.2, 0.44, 0.05]
[0.2, 0.4395, 0.05]
[0.2, 0.439, 0.05]
[0.2, 0.4385, 0.0505]
[0.2, 0.438, 0.051]
[0.2, 0.4375, 0.0515]
[0.2, 0.437, 0.052]
[0.2, 0.437, 0.0525]
[0.2, 0.4365, 0.053]
[0.2, 0.4365, 0.0535]
[0.2, 0.436, 0.054]
[0.2, 0.436, 0.0545]
[0.2, 0.4355, 0.055]
[0.2, 0.4355, 0.0555]
[0.2, 0.435, 0.056]
[0.2, 0.4345, 0.0565]
[0.2, 0.434, 0.057]
[0.2, 0.434, 0.0575]
[0.2, 0.434, 0.057]
[0.2, 0.4345, 0.0565]
[0.2, 0.435, 0.056]
[0.2, 0.4355, 0.0555]
[0.2, 0.4355, 0.055]
[0.2, 0.436, 0.0545]
[0.2, 0.436, 0.054]
[0.2, 0.4365, 0.0535]
[0.2, 0.4365, 0.053]
[0.2, 0.437, 0.0525]
[0.2, 0.4375, 0.052]
[0.2, 0.438, 0.0515]
[0.2, 0.438, 0.051]
[0.2, 0.4385, 0.0505]
[0.2, 0.439, 0.05]
[0.2, 0.4395, 0.05]
[0.2, 0.44, 0.0505]
[0.2, 0.4405, 0.051]
[0.2, 0.4405, 0.0515]
[0.2, 0.4405, 0.052]
[0.2, 0.4405, 0.0525]
[0.2, 0.4405, 0.053]
[0.2, 0.44, 0.0535]
[0.2, 0.44, 0.054]
[0.2, 0.4395, 0.0545]
[0.2, 0.4395, 0.055]
[0.2, 0.4395, 0.0555]
[0.2, 0.439, 0.056]
[0.2, 0.439, 0.0565]
[0.2, 0.439, 0.057]
[0.2, 0.4385, 0.0575]
[0.2, 0.4385, 0.058]
[0.2, 0.438, 0.0585]
[0.2, 0.438, 0.059]
[0.2, 0.4375, 0.0595]
[0.2, 0.4375, 0.06]
[0.2, 0.437, 0.0605]
[0.2, 0.4365, 0.061]
[0.2, 0.4365, 0.0615]
[0.2, 0.436, 0.062]
[0.2, 0.4355, 0.0625]
[0.2, 0.4355, 0.063]
[0.2, 0.435, 0.0635]
[0.2, 0.435, 0.064]
[0.2, 0.4345, 0.0645]
[0.2, 0.434, 0.065]
[0.2, 0.4335, 0.0655]
[0.2, 0.4335, 0.066]
[0.2, 0.433, 0.0665]
[0.2, 0.4325, 0.067]
[0.2, 0.432, 0.0675]
[0.2, 0.4315, 0.068]
[0.2, 0.431, 0.0685]
[0.2, 0.4305, 0.069]
[0.2, 0.43, 0.0695]
[0.2, 0.43, 0.07]
[0.2, 0.4295, 0.0705]
[0.2, 0.429, 0.071]
[0.2, 0.4285, 0.0715]
[0.2, 0.428, 0.0715]
[0.2, 0.4275, 0.072]
[0.2, 0.427, 0.0725]
[0.2, 0.4265, 0.073]
[0.2, 0.426, 0.0735]
[0.2, 0.4255, 0.074]
[0.2, 0.425, 0.0745]
[0.2, 0.4245, 0.075]
[0.2, 0.424, 0.0755]
[0.2, 0.424, 0.076]
[0.2, 0.4235, 0.0765]
[0.2, 0.423, 0.077]
[0.2, 0.4225, 0.077]
[0.2, 0.422, 0.0775]
[0.2, 0.4215, 0.078]
[0.2, 0.421, 0.0785]
[0.2, 0.4205, 0.079]
[0.2, 0.42, 0.0795]
[0.2, 0.4195, 0.08]
[0.2, 0.419, 0.0805]
[0.2, 0.4185, 0.081]
[0.2, 0.418, 0.0815]
[0.2, 0.4175, 0.082]
[0.2, 0.417, 0.0825]
[0.2, 0.4165, 0.083]
[0.2, 0.416, 0.0835]
[0.2, 0.4155, 0.084]
[0.2, 0.415, 0.0845]
[0.2, 0.4145, 0.0845]
[0.2, 0.414, 0.085]
[0.2, 0.4135, 0.0855]
[0.2, 0.413, 0.086]
[0.2, 0.4125, 0.0865]
[0.2, 0.412, 0.087]
[0.2, 0.4115, 0.0875]
[0.2, 0.411, 0.088]
[0.2, 0.4105, 0.0885]
[0.2, 0.41, 0.089]
[0.2, 0.4095, 0.0895]
[0.2, 0.409, 0.0895]
[0.2, 0.4085, 0.09]
[0.2, 0.408, 0.0905]
[0.2, 0.4075, 0.091]
[0.2, 0.407, 0.0915]
[0.2, 0.4065, 0.092]
[0.2, 0.406, 0.0925]
[0.2, 0.4055, 0.093]
[0.2, 0.405, 0.0935]
[0.2, 0.4045, 0.094]
[0.2, 0.404, 0.0945]
[0.2, 0.4035, 0.095]
[0.2, 0.403, 0.095]
[0.2, 0.4025, 0.0955]
[0.2, 0.402, 0.096]
[0.2, 0.4015, 0.096]
[0.2, 0.401, 0.0965]
[0.2, 0.4005, 0.097]
[0.2, 0.4, 0.0975]
[0.2, 0.3995, 0.0975]
[0.2, 0.399, 0.097]
[0.2, 0.3985, 0.0965]
[0.2, 0.398, 0.0965]
[0.2, 0.3975, 0.0965]
[0.2, 0.397, 0.096]
[0.2, 0.3965, 0.096]
[0.2, 0.396, 0.096]
[0.2, 0.3955, 0.0955]
[0.2, 0.395, 0.0955]
[0.2, 0.3945, 0.0955]
[0.2, 0.395, 0.0955]
[0.2, 0.3955, 0.0955]
[0.2, 0.396, 0.096]
[0.2, 0.3965, 0.096]
[0.2, 0.397, 0.0965]
[0.2, 0.3975, 0.0965]
[0.2, 0.398, 0.0965]
[0.2, 0.3985, 0.0965]
[0.2, 0.399, 0.097]
[0.2, 0.3995, 0.0975]
[0.2, 0.3995, 0.098]
[0.2, 0.3995, 0.0985]
[0.2, 0.3995, 0.099]
[0.2, 0.3995, 0.0985]
[0.2, 0.3995, 0.098]
[0.2, 0.4, 0.0975]
[0.2, 0.4005, 0.097]
[0.2, 0.401, 0.0965]
[0.2, 0.4015, 0.0965]
[0.2, 0.402, 0.096]
[0.2, 0.4025, 0.0955]
[0.2, 0.403, 0.0955]
[0.2, 0.4035, 0.095]
[0.2, 0.404, 0.0945]
[0.2, 0.4045, 0.094]
[0.2, 0.405, 0.0935]
[0.2, 0.4055, 0.093]
[0.2, 0.406, 0.093]
[0.2, 0.4065, 0.0925]
[0.2, 0.407, 0.092]
[0.2, 0.4075, 0.0915]
[0.2, 0.408, 0.091]
[0.2, 0.4085, 0.0905]
[0.2, 0.409, 0.09]
[0.2, 0.4095, 0.0895]
[0.2, 0.41, 0.089]
[0.2, 0.4105, 0.0885]
[0.2, 0.411, 0.0885]
[0.2, 0.4115, 0.088]
[0.2, 0.412, 0.0875]
[0.2, 0.4125, 0.087]
[0.2, 0.413, 0.0865]
[0.2, 0.4135, 0.086]
[0.2, 0.414, 0.0855]
[0.2, 0.4145, 0.085]
[0.2, 0.415, 0.0845]
[0.2, 0.4155, 0.084]
[0.2, 0.416, 0.0835]
[0.2, 0.4165, 0.0835]
[0.2, 0.417, 0.083]
[0.2, 0.4175, 0.0825]
[0.2, 0.418, 0.082]
[0.2, 0.4185, 0.0815]
[0.2, 0.419, 0.081]
[0.2, 0.4195, 0.0805]
[0.2, 0.42, 0.08]
[0.2, 0.4205, 0.0795]
[0.2, 0.421, 0.079]
[0.2, 0.4215, 0.0785]
[0.2, 0.422, 0.078]
[0.2, 0.4225, 0.0775]
[0.2, 0.423, 0.077]
[0.2, 0.4235, 0.0765]
[0.2, 0.424, 0.076]
[0.2, 0.4245, 0.0755]
[0.2, 0.425, 0.075]
[0.2, 0.4255, 0.0745]
[0.2, 0.426, 0.074]
[0.2, 0.4265, 0.0735]
[0.2, 0.427, 0.073]
[0.2, 0.4275, 0.0725]
[0.2, 0.428, 0.072]
[0.2, 0.4285, 0.0715]
[0.2, 0.429, 0.071]
[0.2, 0.4295, 0.0705]
[0.2, 0.43, 0.07]
[0.2, 0.4305, 0.0695]
[0.2, 0.431, 0.069]
[0.2, 0.431, 0.0685]
[0.2, 0.4315, 0.068]
[0.2, 0.432, 0.0675]
[0.2, 0.4325, 0.067]
[0.2, 0.433, 0.0665]
[0.2, 0.4335, 0.066]
[0.2, 0.4335, 0.0655]
[0.2, 0.434, 0.065]
[0.2, 0.4345, 0.0645]
[0.2, 0.435, 0.064]
[0.2, 0.435, 0.0635]
[0.2, 0.4355, 0.063]
[0.2, 0.436, 0.0625]
[0.2, 0.436, 0.062]
[0.2, 0.4365, 0.0615]
[0.2, 0.437, 0.061]
[0.2, 0.437, 0.0605]
[0.2, 0.4375, 0.06]
[0.2, 0.438, 0.0595]
[0.2, 0.438, 0.059]
[0.2, 0.4385, 0.0585]
[0.2, 0.4385, 0.058]
[0.2, 0.4385, 0.0575]
[0.2, 0.439, 0.057]
[0.2, 0.439, 0.0565]
[0.2, 0.4395, 0.056]
[0.2, 0.4395, 0.0555]
[0.2, 0.4395, 0.055]
[0.2, 0.4395, 0.0545]
[0.2, 0.44, 0.054]
[0.2, 0.44, 0.0535]
[0.2, 0.4405, 0.053]
[0.2, 0.4405, 0.0525]
[0.2, 0.4405, 0.052]
[0.2, 0.4405, 0.0515]
[0.2, 0.441, 0.051]
[0.2, 0.441, 0.0505]
[0.2, 0.441, 0.05]
[0.2, 0.4405, 0.0495]
[0.2, 0.4405, 0.049]
[0.2, 0.4405, 0.0485]
[0.2, 0.4405, 0.048]
[0.2, 0.441, 0.0475]
[0.2, 0.4415, 0.047]
[0.2, 0.4415, 0.0465]
[0.2, 0.4415, 0.046]
[0.2, 0.4415, 0.0455]
[0.2, 0.442, 0.045]
[0.2, 0.442, 0.0445]
[0.2, 0.442, 0.044]
[0.2, 0.442, 0.0435]
[0.2, 0.4425, 0.043]
[0.2, 0.4425, 0.0425]
[0.2, 0.4425, 0.042]
[0.2, 0.443, 0.0415]
[0.2, 0.443, 0.041]
[0.2, 0.4435, 0.0405]
[0.2, 0.4435, 0.04]
[0.2, 0.4435, 0.0395]
[0.2, 0.444, 0.039]
[0.2, 0.444, 0.0385]
[0.2, 0.444, 0.038]
[0.2, 0.444, 0.0375]
[0.2, 0.4445, 0.037]
[0.2, 0.4445, 0.0365]
[0.2, 0.4445, 0.036]
[0.2, 0.445, 0.0355]
[0.2, 0.445, 0.035]
[0.2, 0.445, 0.0345]
[0.2, 0.445, 0.034]
[0.2, 0.445, 0.0335]
[0.2, 0.4455, 0.033]
[0.2, 0.4455, 0.0325]
[0.2, 0.4455, 0.032]
[0.2, 0.4455, 0.0315]
[0.2, 0.446, 0.031]
[0.2, 0.446, 0.0305]
[0.2, 0.446, 0.03]
[0.2, 0.446, 0.0295]
[0.2, 0.446, 0.029]
[0.2, 0.446, 0.0285]
[0.2, 0.446, 0.028]
[0.2, 0.446, 0.0275]
[0.2, 0.446, 0.027]
[0.2, 0.446, 0.0265]
[0.2, 0.446, 0.026]
[0.2, 0.446, 0.0255]
[0.2, 0.446, 0.025]
[0.2, 0.446, 0.0245]
[0.2, 0.4465, 0.024]
[0.2, 0.4465, 0.0235]
[0.2, 0.4465, 0.023]
[0.2, 0.4465, 0.0225]
[0.2, 0.4465, 0.022]
[0.2, 0.4465, 0.0215]
[0.2, 0.4465, 0.021]
[0.2, 0.4465, 0.0205]
[0.2, 0.4465, 0.02]
[0.2, 0.4465, 0.0195]
[0.2, 0.4465, 0.019]
[0.2, 0.4465, 0.0185]
[0.2, 0.4465, 0.018]
[0.2, 0.4465, 0.0175]
[0.2, 0.4465, 0.017]
[0.2, 0.4465, 0.0165]
[0.2, 0.4465, 0.016]
[0.2, 0.4465, 0.0155]
