[0.2, 0.428, -0.08]
[0.2, 0.4285, -0.0795]
[0.2, 0.429, -0.079]
[0.2, 0.4295, -0.0785]
[0.2, 0.4295, -0.078]
[0.2, 0.429, -0.0775]
[0.2, 0.4285, -0.077]
[0.2, 0.428, -0.0765]
[0.2, 0.4275, -0.076]
[0.2, 0.427, -0.076]
[0.2, 0.4265, -0.0755]
[0.2, 0.426, -0.0755]
[0.2, 0.4255, -0.0755]
[0.2, 0.425, -0.0755]
[0.2, 0.425, -0.075]
[0.2, 0.4245, -0.0745]
[0.2, 0.424, -0.074]
[0.2, 0.4235, -0.074]
[0.2, 0.424, -0.074]
[0.2, 0.4245, -0.0745]
[0.2, 0.425, -0.075]
[0.2, 0.4255, -0.0755]
[0.2, 0.426, -0.0755]
[0.2, 0.4265, -0.0755]
[0.2, 0.427, -0.0755]
[0.2, 0.4275, -0.076]
[0.2, 0.428, -0.0765]
[0.2, 0.4285, -0.0765]
[0.2, 0.429, -0.077]
[0.2, 0.4295, -0.0775]
[0.2, 0.43, -0.078]
[0.2, 0.4305, -0.078]
[0.2, 0.431, -0.0785]
[0.2, 0.4305, -0.078]
[0.2, 0.43, -0.078]
[0.2, 0.4295, -0.0785]
[0.2, 0.429, -0.079]
[0.2, 0.4295, -0.0795]
[0.2, 0.43, -0.08]
[0.2, 0.4305, -0.08]
[0.2, 0.431, -0.08]
[0.2, 0.4315, -0.0795]
[0.2, 0.431, -0.08]
[0.2, 0.4305, -0.08]
[0.2, 0.43, -0.08]
[0.2, 0.4295, -0.08]
