[0.2, 0.3655, -0.0845]
[0.2, 0.366, -0.085]
[0.2, 0.3665, -0.085]
[0.2, 0.367, -0.085]
[0.2, 0.3675, -0.0845]
[0.2, 0.3675, -0.084]
[0.2, 0.3675, -0.0835]
[0.2, 0.367, -0.083]
[0.2, 0.3665, -0.0825]
[0.2, 0.366, -0.082]
[0.2, 0.3655, -0.082]
[0.2, 0.365, -0.082]
[0.2, 0.3645, -0.082]
[0.2, 0.364, -0.082]
[0.2, 0.3635, -0.082]
[0.2, 0.363, -0.082]
[0.2, 0.3625, -0.082]
[0.2, 0.362, -0.082]
[0.2, 0.3615, -0.0825]
[0.2, 0.362, -0.083]
[0.2, 0.362, -0.0835]
[0.2, 0.3625, -0.084]
[0.2, 0.363, -0.0845]
[0.2, 0.3635, -0.0845]
[0.2, 0.364, -0.0845]
