[0.2, 0.4515, -0.021]
[0.2, 0.452, -0.0205]
[0.2, 0.4525, -0.02]
[0.2, 0.453, -0.02]
[0.2, 0.4535, -0.0195]
[0.2, 0.4535, -0.019]
[0.2, 0.454, -0.0185]
[0.2, 0.454, -0.018]
[0.2, 0.454, -0.0175]
[0.2, 0.454, -0.017]
[0.2, 0.454, -0.0165]
[0.2, 0.454, -0.016]
[0.2, 0.4545, -0.0155]
[0.2, 0.4545, -0.015]
[0.2, 0.4545, -0.0145]
[0.2, 0.4545, -0.014]
[0.2, 0.454, -0.0135]
[0.2, 0.454, -0.013]
[0.2, 0.454, -0.0125]
[0.2, 0.454, -0.012]
[0.2, 0.454, -0.0115]
[0.2, 0.4545, -0.011]
[0.2, 0.454, -0.0115]
[0.2, 0.454, -0.012]
[0.2, 0.454, -0.0125]
[0.2, 0.454, -0.013]
[0.2, 0.454, -0.0135]
[0.2, 0.4545, -0.014]
[0.2, 0.4545, -0.0145]
[0.2, 0.4545, -0.015]
[0.2, 0.4545, -0.0155]
[0.2, 0.454, -0.016]
[0.2, 0.454, -0.0165]
[0.2, 0.454, -0.017]
[0.2, 0.454, -0.0175]
[0.2, 0.454, -0.018]
[0.2, 0.454, -0.0185]
[0.2, 0.4535, -0.019]
[0.2, 0.4535, -0.0195]
[0.2, 0.453, -0.02]
