[0.2, 0.358, -0.0585]
[0.2, 0.3575, -0.058]
[0.2, 0.357, -0.058]
[0.2, 0.3565, -0.0575]
[0.2, 0.356, -0.057]
[0.2, 0.3555, -0.057]
[0.2, 0.355, -0.0565]
[0.2, 0.3545, -0.0565]
[0.2, 0.3545, -0.056]
[0.2, 0.354, -0.0555]
[0.2, 0.3535, -0.055]
[0.2, 0.353, -0.0545]
[0.2, 0.3525, -0.0545]
[0.2, 0.352, -0.0545]
[0.2, 0.3515, -0.0545]
[0.2, 0.351, -0.0545]
[0.2, 0.3515, -0.0545]
[0.2, 0.352, -0.0545]
[0.2, 0.3525, -0.054]
[0.2, 0.3525, -0.0535]
[0.2, 0.3525, -0.054]
[0.2, 0.353, -0.0545]
[0.2, 0.3535, -0.055]
[0.2, 0.354, -0.0555]
[0.2, 0.3545, -0.056]
[0.2, 0.355, -0.0565]
[0.2, 0.3555, -0.057]
[0.2, 0.356, -0.057]
[0.2, 0.3565, -0.057]
[0.2, 0.357, -0.0575]
[0.2, 0.3575, -0.058]
[0.2, 0.358, -0.0585]
[0.2, 0.3585, -0.0585]
[0.2, 0.359, -0.0585]
[0.2, 0.3595, -0.0585]
[0.2, 0.36, -0.0585]
[0.2, 0.3595, -0.0585]
