[0.2, 0.4165, -0.018]
[0.2, 0.416, -0.0175]
[0.2, 0.4155, -0.0175]
[0.2, 0.415, -0.0175]
[0.2, 0.4145, -0.0175]
[0.2, 0.414, -0.0175]
[0.2, 0.4135, -0.0175]
[0.2, 0.413, -0.0175]
[0.2, 0.4125, -0.0175]
[0.2, 0.412, -0.0175]
[0.2, 0.4115, -0.0175]
[0.2, 0.411, -0.017]
[0.2, 0.4105, -0.017]
[0.2, 0.41, -0.017]
[0.2, 0.4095, -0.017]
[0.2, 0.409, -0.017]
[0.2, 0.4085, -0.017]
[0.2, 0.408, -0.017]
[0.2, 0.4075, -0.017]
[0.2, 0.407, -0.017]
[0.2, 0.4065, -0.017]
[0.2, 0.406, -0.017]
[0.2, 0.4055, -0.017]
[0.2, 0.405, -0.0165]
[0.2, 0.4045, -0.0165]
[0.2, 0.404, -0.0165]
[0.2, 0.4035, -0.0165]
[0.2, 0.403, -0.0165]
[0.2, 0.4025, -0.0165]
[0.2, 0.402, -0.0165]
[0.2, 0.4015, -0.016]
[0.2, 0.401, -0.016]
[0.2, 0.4005, -0.0155]
[0.2, 0.4, -0.0155]
[0.2, 0.3995, -0.015]
[0.2, 0.399, -0.0145]
[0.2, 0.3985, -0.014]
[0.2, 0.398, -0.0135]
[0.2, 0.3975, -0.0135]
[0.2, 0.397, -0.014]
[0.2, 0.3965, -0.014]
[0.2, 0.397, -0.014]
[0.2, 0.3975, -0.0135]
[0.2, 0.398, -0.0135]
[0.2, 0.3985, -0.014]
[0.2, 0.399, -0.0145]
[0.2, 0.3995, -0.0145]
[0.2, 0.4, -0.015]
[0.2, 0.4005, -0.0155]
[0.2, 0.401, -0.016]
[0.2, 0.4015, -0.016]
[0.2, 0.402, -0.0165]
[0.2, 0.4025, -0.0165]
[0.2, 0.403, -0.0165]
[0.2, 0.4035, -0.0165]
[0.2, 0.404, -0.0165]
[0.2, 0.4045, -0.0165]
[0.2, 0.405, -0.0165]
[0.2, 0.4055, -0.017]
[0.2, 0.406, -0.017]
[0.2, 0.4065, -0.017]
[0.2, 0.407, -0.017]
[0.2, 0.4075, -0.017]
[0.2, 0.408, -0.017]
[0.2, 0.4085, -0.017]
[0.2, 0.409, -0.017]
[0.2, 0.4095, -0.017]
[0.2, 0.41, -0.017]
[0.2, 0.4105, -0.017]
[0.2, 0.411, -0.017]
[0.2, 0.4115, -0.0175]
[0.2, 0.412, -0.0175]
[0.2, 0.4125, -0.0175]
[0.2, 0.413, -0.0175]
[0.2, 0.4135, -0.0175]
[0.2, 0.414, -0.0175]
[0.2, 0.4145, -0.0175]
[0.2, 0.415, -0.0175]
[0.2, 0.4155, -0.0175]
[0.2, 0.416, -0.0175]
[0.2, 0.4165, -0.018]
[0.2, 0.417, -0.018]
[0.2, 0.4175, -0.018]
[0.2, 0.418, -0.018]
[0.2, 0.4185, -0.018]
[0.2, 0.419, -0.018]
[0.2, 0.4195, -0.018]
[0.2, 0.42, -0.018]
[0.2, 0.4205, -0.018]
[0.2, 0.421, -0.018]
[0.2, 0.4205, -0.018]
[0.2, 0.42, -0.018]
[0.2, 0.4195, -0.018]
[0.2, 0.419, -0.018]
[0.2, 0.4185, -0.018]
[0.2, 0.418, -0.018]
