[0.2, 0.382, 0.014]
[0.2, 0.3815, 0.0145]
[0.2, 0.381, 0.015]
[0.2, 0.3805, 0.015]
[0.2, 0.38, 0.015]
[0.2, 0.3795, 0.015]
[0.2, 0.379, 0.0155]
[0.2, 0.3785, 0.0155]
[0.2, 0.378, 0.016]
[0.2, 0.3785, 0.0155]
[0.2, 0.379, 0.0155]
[0.2, 0.3795, 0.016]
[0.2, 0.3795, 0.0165]
[0.2, 0.379, 0.017]
[0.2, 0.379, 0.0175]
[0.2, 0.3785, 0.018]
[0.2, 0.3785, 0.0185]
[0.2, 0.378, 0.019]
[0.2, 0.3785, 0.0185]
[0.2, 0.3785, 0.018]
[0.2, 0.379, 0.0175]
[0.2, 0.3795, 0.017]
[0.2, 0.3795, 0.0165]
[0.2, 0.38, 0.016]
[0.2, 0.38, 0.0155]
[0.2, 0.3805, 0.015]
[0.2, 0.381, 0.015]
[0.2, 0.3815, 0.0145]
