[0.2, 0.3405, -0.003]
[0.2, 0.341, -0.0035]
[0.2, 0.3415, -0.0035]
[0.2, 0.342, -0.0035]
[0.2, 0.3425, -0.003]
[0.2, 0.343, -0.003]
[0.2, 0.3435, -0.003]
[0.2, 0.344, -0.0025]
[0.2, 0.344, -0.002]
[0.2, 0.344, -0.0015]
[0.2, 0.344, -0.001]
[0.2, 0.344, -0.0005]
[0.2, 0.344, 0]
[0.2, 0.344, 0.0005]
[0.2, 0.344, 0.001]
[0.2, 0.344, 0.0015]
[0.2, 0.3435, 0.002]
[0.2, 0.343, 0.0025]
[0.2, 0.3425, 0.002]
[0.2, 0.342, 0.0015]
[0.2, 0.3415, 0.001]
[0.2, 0.3415, 0.0005]
[0.2, 0.341, 0]
[0.2, 0.341, -0.0005]
[0.2, 0.341, -0.001]
[0.2, 0.341, -0.0015]
