[0.2, 0.404, -0.0915]
[0.2, 0.4035, -0.091]
[0.2, 0.4035, -0.0905]
[0.2, 0.4035, -0.09]
[0.2, 0.403, -0.0895]
[0.2, 0.4025, -0.0895]
[0.2, 0.402, -0.0895]
[0.2, 0.4015, -0.0895]
[0.2, 0.401, -0.0895]
[0.2, 0.4005, -0.089]
[0.2, 0.4, -0.089]
[0.2, 0.3995, -0.0895]
[0.2, 0.3995, -0.09]
[0.2, 0.399, -0.09]
[0.2, 0.3985, -0.09]
[0.2, 0.398, -0.09]
[0.2, 0.3975, -0.09]
[0.2, 0.397, -0.09]
[0.2, 0.3965, -0.09]
[0.2, 0.396, -0.09]
[0.2, 0.3955, -0.09]
[0.2, 0.395, -0.0905]
[0.2, 0.3945, -0.091]
[0.2, 0.394, -0.091]
[0.2, 0.3935, -0.091]
[0.2, 0.393, -0.091]
[0.2, 0.3925, -0.091]
[0.2, 0.392, -0.091]
[0.2, 0.3915, -0.091]
[0.2, 0.391, -0.0905]
[0.2, 0.3905, -0.0905]
[0.2, 0.39, -0.0905]
[0.2, 0.3895, -0.0905]
[0.2, 0.389, -0.0905]
[0.2, 0.3885, -0.0905]
[0.2, 0.388, -0.09]
[0.2, 0.3875, -0.09]
[0.2, 0.387, -0.09]
[0.2, 0.3865, -0.09]
[0.2, 0.386, -0.09]
[0.2, 0.3855, -0.09]
[0.2, 0.385, -0.0895]
[0.2, 0.3845, -0.0895]
[0.2, 0.384, -0.0895]
[0.2, 0.3835, -0.0895]
[0.2, 0.383, -0.089]
[0.2, 0.3825, -0.0885]
[0.2, 0.382, -0.0885]
[0.2, 0.3815, -0.088]
[0.2, 0.381, -0.088]
[0.2, 0.3805, -0.088]
[0.2, 0.38, -0.088]
[0.2, 0.3795, -0.0875]
[0.2, 0.379, -0.0875]
[0.2, 0.3785, -0.0875]
[0.2, 0.378, -0.0875]
[0.2, 0.3775, -0.0875]
[0.2, 0.377, -0.0875]
[0.2, 0.3765, -0.0875]
[0.2, 0.376, -0.087]
[0.2, 0.3755, -0.0865]
[0.2, 0.375, -0.0865]
[0.2, 0.3745, -0.0865]
[0.2, 0.374, -0.0865]
[0.2, 0.3735, -0.086]
[0.2, 0.373, -0.086]
[0.2, 0.3725, -0.086]
[0.2, 0.372, -0.086]
[0.2, 0.3715, -0.086]
[0.2, 0.371, -0.086]
[0.2, 0.3705, -0.0855]
[0.2, 0.37, -0.0855]
[0.2, 0.3695, -0.086]
[0.2, 0.369, -0.086]
[0.2, 0.3685, -0.0855]
[0.2, 0.368, -0.0855]
[0.2, 0.3675, -0.0855]
[0.2, 0.367, -0.085]
[0.2, 0.3665, -0.085]
[0.2, 0.366, -0.085]
[0.2, 0.3655, -0.0845]
[0.2, 0.365, -0.0845]
[0.2, 0.3645, -0.0845]
[0.2, 0.364, -0.0845]
[0.2, 0.3635, -0.0845]
[0.2, 0.363, -0.0845]
[0.2, 0.3625, -0.0845]
[0.2, 0.362, -0.084]
[0.2, 0.362, -0.0835]
[0.2, 0.362, -0.083]
[0.2, 0.3615, -0.0825]
[0.2, 0.361, -0.082]
[0.2, 0.3605, -0.082]
[0.2, 0.3605, -0.0815]
[0.2, 0.36, -0.081]
[0.2, 0.3595, -0.081]
[0.2, 0.359, -0.081]
[0.2, 0.3585, -0.081]
[0.2, 0.358, -0.081]
[0.2, 0.3575, -0.0805]
[0.2, 0.357, -0.0805]
[0.2, 0.357, -0.08]
[0.2, 0.3565, -0.0795]
[0.2, 0.356, -0.079]
[0.2, 0.3555, -0.0785]
[0.2, 0.355, -0.078]
[0.2, 0.3545, -0.0775]
[0.2, 0.354, -0.0775]
[0.2, 0.354, -0.077]
[0.2, 0.3535, -0.0765]
[0.2, 0.353, -0.0765]
[0.2, 0.353, -0.076]
[0.2, 0.3525, -0.0755]
[0.2, 0.352, -0.0755]
[0.2, 0.3515, -0.075]
[0.2, 0.351, -0.075]
[0.2, 0.351, -0.0745]
[0.2, 0.351, -0.074]
[0.2, 0.3505, -0.0735]
[0.2, 0.35, -0.0735]
[0.2, 0.3495, -0.073]
[0.2, 0.3495, -0.0725]
[0.2, 0.349, -0.072]
[0.2, 0.3485, -0.0715]
[0.2, 0.348, -0.071]
[0.2, 0.348, -0.0705]
[0.2, 0.348, -0.07]
[0.2, 0.3475, -0.0695]
[0.2, 0.3475, -0.069]
[0.2, 0.347, -0.0685]
[0.2, 0.347, -0.068]
[0.2, 0.347, -0.0675]
[0.2, 0.3465, -0.067]
[0.2, 0.346, -0.0665]
[0.2, 0.346, -0.066]
[0.2, 0.3455, -0.0655]
[0.2, 0.3455, -0.065]
[0.2, 0.3455, -0.0645]
[0.2, 0.3455, -0.064]
[0.2, 0.345, -0.0635]
[0.2, 0.345, -0.063]
[0.2, 0.345, -0.0625]
[0.2, 0.345, -0.062]
[0.2, 0.3445, -0.0615]
[0.2, 0.344, -0.061]
[0.2, 0.3435, -0.0605]
[0.2, 0.3435, -0.06]
[0.2, 0.343, -0.0595]
[0.2, 0.343, -0.059]
[0.2, 0.343, -0.0585]
[0.2, 0.3425, -0.058]
[0.2, 0.3425, -0.0575]
[0.2, 0.342, -0.057]
[0.2, 0.342, -0.0565]
[0.2, 0.342, -0.056]
[0.2, 0.3425, -0.056]
[0.2, 0.343, -0.0555]
[0.2, 0.343, -0.055]
[0.2, 0.3425, -0.0545]
[0.2, 0.3425, -0.054]
[0.2, 0.342, -0.0535]
[0.2, 0.342, -0.053]
[0.2, 0.3415, -0.0525]
[0.2, 0.3415, -0.052]
[0.2, 0.3415, -0.0515]
[0.2, 0.3415, -0.051]
[0.2, 0.3415, -0.0505]
[0.2, 0.3415, -0.05]
[0.2, 0.3415, -0.0495]
[0.2, 0.341, -0.049]
[0.2, 0.341, -0.0485]
[0.2, 0.341, -0.048]
[0.2, 0.3415, -0.0475]
[0.2, 0.3415, -0.047]
[0.2, 0.3415, -0.0465]
[0.2, 0.341, -0.046]
[0.2, 0.341, -0.0455]
[0.2, 0.341, -0.045]
[0.2, 0.341, -0.0455]
[0.2, 0.341, -0.046]
[0.2, 0.3415, -0.0465]
[0.2, 0.342, -0.0465]
[0.2, 0.3425, -0.0465]
[0.2, 0.343, -0.047]
[0.2, 0.3425, -0.0465]
[0.2, 0.342, -0.0465]
[0.2, 0.3415, -0.047]
[0.2, 0.3415, -0.0475]
[0.2, 0.342, -0.048]
[0.2, 0.3425, -0.0485]
[0.2, 0.343, -0.0485]
[0.2, 0.3435, -0.0485]
[0.2, 0.344, -0.0485]
[0.2, 0.3445, -0.049]
[0.2, 0.345, -0.049]
[0.2, 0.3455, -0.049]
[0.2, 0.346, -0.0495]
[0.2, 0.3465, -0.0495]
[0.2, 0.347, -0.05]
[0.2, 0.3475, -0.0505]
[0.2, 0.3475, -0.051]
[0.2, 0.348, -0.0515]
[0.2, 0.348, -0.052]
[0.2, 0.348, -0.0515]
[0.2, 0.3475, -0.051]
[0.2, 0.347, -0.0505]
[0.2, 0.3465, -0.05]
[0.2, 0.346, -0.0495]
[0.2, 0.3455, -0.0495]
[0.2, 0.345, -0.049]
[0.2, 0.3445, -0.049]
[0.2, 0.344, -0.0485]
[0.2, 0.3435, -0.0485]
[0.2, 0.343, -0.0485]
[0.2, 0.3425, -0.0485]
[0.2, 0.342, -0.049]
[0.2, 0.3415, -0.0495]
[0.2, 0.3415, -0.05]
[0.2, 0.3415, -0.0505]
[0.2, 0.3415, -0.051]
[0.2, 0.3415, -0.0515]
[0.2, 0.3415, -0.052]
[0.2, 0.3415, -0.0525]
[0.2, 0.342, -0.053]
[0.2, 0.3425, -0.0535]
[0.2, 0.343, -0.053]
[0.2, 0.3435, -0.0525]
[0.2, 0.3435, -0.052]
[0.2, 0.3435, -0.0525]
[0.2, 0.343, -0.053]
[0.2, 0.3425, -0.0535]
[0.2, 0.3425, -0.054]
[0.2, 0.3425, -0.0545]
[0.2, 0.343, -0.055]
[0.2, 0.3435, -0.0555]
[0.2, 0.344, -0.0555]
[0.2, 0.3445, -0.056]
[0.2, 0.345, -0.0565]
[0.2, 0.3455, -0.0565]
[0.2, 0.346, -0.0565]
[0.2, 0.3465, -0.057]
[0.2, 0.347, -0.0575]
[0.2, 0.3475, -0.0575]
[0.2, 0.348, -0.0575]
[0.2, 0.3485, -0.0575]
[0.2, 0.349, -0.058]
[0.2, 0.3495, -0.058]
[0.2, 0.35, -0.0585]
[0.2, 0.3505, -0.059]
[0.2, 0.351, -0.059]
[0.2, 0.3515, -0.059]
[0.2, 0.352, -0.059]
[0.2, 0.3525, -0.059]
[0.2, 0.353, -0.0595]
[0.2, 0.3535, -0.0595]
[0.2, 0.354, -0.0595]
[0.2, 0.3545, -0.0595]
[0.2, 0.355, -0.0595]
[0.2, 0.3545, -0.0595]
[0.2, 0.354, -0.0595]
[0.2, 0.3535, -0.0595]
[0.2, 0.353, -0.0595]
[0.2, 0.3525, -0.059]
[0.2, 0.352, -0.059]
[0.2, 0.3515, -0.059]
[0.2, 0.351, -0.059]
[0.2, 0.3505, -0.059]
[0.2, 0.35, -0.0585]
[0.2, 0.3495, -0.059]
[0.2, 0.349, -0.059]
[0.2, 0.3485, -0.059]
[0.2, 0.348, -0.059]
[0.2, 0.3475, -0.059]
[0.2, 0.347, -0.0585]
[0.2, 0.3475, -0.059]
[0.2, 0.348, -0.059]
[0.2, 0.3485, -0.0585]
[0.2, 0.3485, -0.058]
[0.2, 0.348, -0.0575]
[0.2, 0.3475, -0.0575]
[0.2, 0.347, -0.0575]
[0.2, 0.3465, -0.0575]
[0.2, 0.346, -0.057]
[0.2, 0.3455, -0.0565]
[0.2, 0.345, -0.0565]
[0.2, 0.3445, -0.057]
[0.2, 0.3445, -0.0575]
[0.2, 0.344, -0.058]
[0.2, 0.3435, -0.058]
[0.2, 0.343, -0.0585]
[0.2, 0.343, -0.059]
[0.2, 0.343, -0.0595]
[0.2, 0.3435, -0.06]
[0.2, 0.344, -0.0605]
[0.2, 0.344, -0.061]
[0.2, 0.3445, -0.0615]
[0.2, 0.345, -0.0615]
[0.2, 0.3455, -0.061]
[0.2, 0.346, -0.061]
[0.2, 0.3465, -0.061]
[0.2, 0.347, -0.061]
[0.2, 0.3475, -0.061]
[0.2, 0.347, -0.061]
[0.2, 0.3465, -0.061]
[0.2, 0.346, -0.061]
[0.2, 0.3455, -0.061]
[0.2, 0.345, -0.0615]
[0.2, 0.345, -0.062]
[0.2, 0.345, -0.0625]
[0.2, 0.345, -0.063]
[0.2, 0.3455, -0.0635]
[0.2, 0.346, -0.0635]
[0.2, 0.3465, -0.0635]
[0.2, 0.347, -0.0635]
[0.2, 0.3475, -0.064]
[0.2, 0.348, -0.064]
[0.2, 0.3485, -0.064]
[0.2, 0.349, -0.064]
[0.2, 0.3495, -0.0645]
[0.2, 0.35, -0.064]
[0.2, 0.3505, -0.0635]
[0.2, 0.351, -0.0635]
[0.2, 0.3515, -0.0635]
[0.2, 0.352, -0.0635]
[0.2, 0.3525, -0.0635]
[0.2, 0.353, -0.0635]
[0.2, 0.3535, -0.063]
[0.2, 0.354, -0.063]
[0.2, 0.3545, -0.063]
[0.2, 0.354, -0.063]
[0.2, 0.3535, -0.063]
[0.2, 0.353, -0.0635]
[0.2, 0.3525, -0.0635]
[0.2, 0.352, -0.0635]
[0.2, 0.3515, -0.0635]
[0.2, 0.351, -0.0635]
[0.2, 0.3505, -0.0635]
[0.2, 0.35, -0.064]
[0.2, 0.35, -0.0645]
[0.2, 0.3495, -0.0645]
[0.2, 0.349, -0.064]
[0.2, 0.3485, -0.064]
[0.2, 0.348, -0.064]
[0.2, 0.3475, -0.064]
[0.2, 0.347, -0.0635]
[0.2, 0.3465, -0.0635]
[0.2, 0.346, -0.0635]
[0.2, 0.3455, -0.064]
[0.2, 0.3455, -0.0645]
[0.2, 0.3455, -0.065]
[0.2, 0.3455, -0.0655]
[0.2, 0.346, -0.066]
[0.2, 0.346, -0.0665]
[0.2, 0.3465, -0.067]
[0.2, 0.347, -0.0675]
[0.2, 0.347, -0.068]
[0.2, 0.3475, -0.0685]
[0.2, 0.348, -0.0685]
[0.2, 0.3485, -0.0685]
[0.2, 0.349, -0.069]
[0.2, 0.3495, -0.069]
[0.2, 0.35, -0.069]
[0.2, 0.3505, -0.069]
[0.2, 0.351, -0.069]
[0.2, 0.3515, -0.069]
[0.2, 0.352, -0.0685]
[0.2, 0.3515, -0.069]
[0.2, 0.351, -0.069]
[0.2, 0.3505, -0.069]
[0.2, 0.35, -0.069]
[0.2, 0.3495, -0.069]
[0.2, 0.349, -0.069]
[0.2, 0.3485, -0.0685]
[0.2, 0.348, -0.0685]
[0.2, 0.3475, -0.069]
[0.2, 0.3475, -0.0695]
[0.2, 0.348, -0.07]
[0.2, 0.348, -0.0705]
[0.2, 0.3485, -0.071]
[0.2, 0.3485, -0.0715]
[0.2, 0.349, -0.072]
[0.2, 0.3495, -0.0715]
[0.2, 0.35, -0.071]
[0.2, 0.3505, -0.071]
[0.2, 0.351, -0.071]
[0.2, 0.3505, -0.071]
[0.2, 0.35, -0.071]
[0.2, 0.3495, -0.0715]
[0.2, 0.349, -0.072]
[0.2, 0.3495, -0.0725]
[0.2, 0.3495, -0.073]
[0.2, 0.35, -0.0735]
[0.2, 0.3505, -0.0735]
[0.2, 0.351, -0.0735]
[0.2, 0.3515, -0.073]
[0.2, 0.352, -0.0725]
[0.2, 0.352, -0.072]
[0.2, 0.352, -0.0715]
[0.2, 0.352, -0.071]
[0.2, 0.352, -0.0715]
[0.2, 0.352, -0.072]
[0.2, 0.3525, -0.0725]
[0.2, 0.353, -0.0725]
[0.2, 0.3535, -0.0725]
[0.2, 0.354, -0.072]
[0.2, 0.3545, -0.072]
[0.2, 0.355, -0.0715]
[0.2, 0.3555, -0.0715]
[0.2, 0.355, -0.0715]
[0.2, 0.3545, -0.072]
[0.2, 0.354, -0.0725]
[0.2, 0.3535, -0.0725]
[0.2, 0.353, -0.0725]
[0.2, 0.3525, -0.0725]
[0.2, 0.352, -0.0725]
[0.2, 0.3515, -0.073]
[0.2, 0.351, -0.0735]
[0.2, 0.351, -0.074]
[0.2, 0.351, -0.0745]
[0.2, 0.3515, -0.075]
[0.2, 0.352, -0.0755]
[0.2, 0.3525, -0.0755]
[0.2, 0.353, -0.0755]
[0.2, 0.3535, -0.075]
[0.2, 0.354, -0.075]
[0.2, 0.3545, -0.075]
[0.2, 0.355, -0.075]
[0.2, 0.3555, -0.075]
[0.2, 0.356, -0.075]
[0.2, 0.3565, -0.0745]
[0.2, 0.357, -0.0745]
[0.2, 0.3575, -0.0745]
[0.2, 0.357, -0.0745]
[0.2, 0.3565, -0.0745]
[0.2, 0.356, -0.075]
[0.2, 0.3555, -0.075]
[0.2, 0.355, -0.0755]
[0.2, 0.3545, -0.076]
[0.2, 0.354, -0.0765]
[0.2, 0.354, -0.077]
[0.2, 0.3545, -0.0775]
[0.2, 0.355, -0.078]
[0.2, 0.3555, -0.0785]
[0.2, 0.356, -0.0785]
[0.2, 0.3565, -0.079]
[0.2, 0.3565, -0.0795]
[0.2, 0.357, -0.08]
[0.2, 0.3575, -0.0805]
[0.2, 0.358, -0.081]
[0.2, 0.3585, -0.081]
[0.2, 0.359, -0.081]
[0.2, 0.3595, -0.081]
[0.2, 0.36, -0.081]
[0.2, 0.3605, -0.0815]
[0.2, 0.361, -0.082]
[0.2, 0.3615, -0.0825]
[0.2, 0.362, -0.082]
[0.2, 0.3625, -0.082]
[0.2, 0.363, -0.082]
[0.2, 0.3635, -0.082]
[0.2, 0.364, -0.082]
[0.2, 0.3645, -0.082]
[0.2, 0.365, -0.082]
[0.2, 0.3655, -0.0815]
[0.2, 0.3655, -0.081]
[0.2, 0.365, -0.0805]
[0.2, 0.3645, -0.0805]
[0.2, 0.364, -0.08]
[0.2, 0.3635, -0.0795]
[0.2, 0.3635, -0.079]
[0.2, 0.3635, -0.0785]
[0.2, 0.3635, -0.078]
[0.2, 0.3635, -0.0785]
[0.2, 0.3635, -0.079]
[0.2, 0.364, -0.0795]
[0.2, 0.3645, -0.08]
[0.2, 0.365, -0.0805]
[0.2, 0.3655, -0.0805]
[0.2, 0.3655, -0.081]
[0.2, 0.3655, -0.0815]
[0.2, 0.366, -0.082]
[0.2, 0.3665, -0.082]
[0.2, 0.367, -0.082]
[0.2, 0.3675, -0.082]
[0.2, 0.368, -0.0825]
[0.2, 0.3685, -0.083]
[0.2, 0.3685, -0.0835]
[0.2, 0.369, -0.084]
[0.2, 0.3695, -0.084]
[0.2, 0.37, -0.0835]
[0.2, 0.37, -0.083]
[0.2, 0.37, -0.0825]
[0.2, 0.3705, -0.082]
[0.2, 0.37, -0.0825]
[0.2, 0.37, -0.083]
[0.2, 0.37, -0.0835]
[0.2, 0.37, -0.084]
[0.2, 0.37, -0.0845]
[0.2, 0.37, -0.085]
[0.2, 0.3705, -0.0855]
[0.2, 0.371, -0.086]
[0.2, 0.3715, -0.086]
[0.2, 0.372, -0.086]
[0.2, 0.3725, -0.086]
[0.2, 0.373, -0.086]
[0.2, 0.3735, -0.086]
[0.2, 0.374, -0.0865]
[0.2, 0.3745, -0.0865]
[0.2, 0.375, -0.086]
[0.2, 0.3745, -0.0855]
[0.2, 0.3745, -0.085]
[0.2, 0.375, -0.0845]
[0.2, 0.3755, -0.085]
[0.2, 0.3755, -0.0855]
[0.2, 0.375, -0.086]
[0.2, 0.3755, -0.0865]
[0.2, 0.376, -0.087]
[0.2, 0.3765, -0.0875]
[0.2, 0.377, -0.0875]
[0.2, 0.3775, -0.0875]
[0.2, 0.378, -0.0875]
[0.2, 0.3785, -0.0875]
[0.2, 0.379, -0.087]
[0.2, 0.379, -0.0865]
[0.2, 0.379, -0.086]
[0.2, 0.379, -0.0855]
[0.2, 0.379, -0.085]
[0.2, 0.3785, -0.0845]
[0.2, 0.3785, -0.084]
[0.2, 0.378, -0.0835]
[0.2, 0.378, -0.083]
[0.2, 0.3785, -0.0825]
[0.2, 0.3785, -0.082]
[0.2, 0.3785, -0.0815]
[0.2, 0.379, -0.081]
[0.2, 0.3795, -0.0805]
[0.2, 0.3795, -0.08]
[0.2, 0.38, -0.0795]
[0.2, 0.3805, -0.079]
[0.2, 0.3805, -0.0785]
[0.2, 0.3805, -0.078]
[0.2, 0.38, -0.0775]
[0.2, 0.38, -0.077]
[0.2, 0.38, -0.0765]
[0.2, 0.38, -0.077]
[0.2, 0.38, -0.0775]
[0.2, 0.3805, -0.078]
[0.2, 0.3805, -0.0785]
[0.2, 0.3805, -0.079]
[0.2, 0.38, -0.0795]
[0.2, 0.38, -0.08]
[0.2, 0.3795, -0.0805]
[0.2, 0.379, -0.081]
[0.2, 0.379, -0.0815]
[0.2, 0.3785, -0.082]
[0.2, 0.3785, -0.0825]
[0.2, 0.3785, -0.083]
[0.2, 0.378, -0.0835]
[0.2, 0.3785, -0.084]
[0.2, 0.3785, -0.0845]
[0.2, 0.379, -0.085]
[0.2, 0.379, -0.0855]
[0.2, 0.379, -0.086]
[0.2, 0.379, -0.0865]
[0.2, 0.379, -0.087]
[0.2, 0.3795, -0.0875]
[0.2, 0.38, -0.088]
[0.2, 0.3805, -0.088]
[0.2, 0.381, -0.088]
[0.2, 0.3815, -0.088]
[0.2, 0.382, -0.088]
[0.2, 0.3825, -0.0885]
[0.2, 0.383, -0.089]
[0.2, 0.3835, -0.089]
[0.2, 0.384, -0.0895]
[0.2, 0.3845, -0.0895]
[0.2, 0.385, -0.089]
[0.2, 0.385, -0.0885]
[0.2, 0.3855, -0.088]
[0.2, 0.3855, -0.0875]
[0.2, 0.3855, -0.087]
[0.2, 0.385, -0.0865]
[0.2, 0.385, -0.086]
[0.2, 0.3845, -0.0855]
[0.2, 0.3845, -0.085]
[0.2, 0.385, -0.0845]
[0.2, 0.3845, -0.084]
[0.2, 0.384, -0.084]
[0.2, 0.384, -0.0835]
[0.2, 0.384, -0.083]
[0.2, 0.384, -0.0825]
[0.2, 0.384, -0.082]
[0.2, 0.384, -0.0815]
[0.2, 0.384, -0.082]
[0.2, 0.384, -0.0825]
[0.2, 0.384, -0.083]
[0.2, 0.384, -0.0835]
[0.2, 0.3845, -0.084]
[0.2, 0.385, -0.084]
[0.2, 0.385, -0.0845]
[0.2, 0.3845, -0.085]
[0.2, 0.3845, -0.0855]
[0.2, 0.385, -0.086]
[0.2, 0.385, -0.0865]
[0.2, 0.3855, -0.087]
[0.2, 0.3855, -0.0875]
[0.2, 0.3855, -0.088]
[0.2, 0.385, -0.0885]
[0.2, 0.385, -0.089]
[0.2, 0.385, -0.0895]
[0.2, 0.3855, -0.09]
[0.2, 0.386, -0.09]
[0.2, 0.3865, -0.09]
[0.2, 0.387, -0.09]
[0.2, 0.3875, -0.09]
[0.2, 0.388, -0.0895]
[0.2, 0.388, -0.089]
[0.2, 0.388, -0.0885]
[0.2, 0.3885, -0.088]
[0.2, 0.3885, -0.0875]
[0.2, 0.3885, -0.087]
[0.2, 0.3885, -0.0865]
[0.2, 0.3885, -0.086]
[0.2, 0.3885, -0.0855]
[0.2, 0.3885, -0.085]
[0.2, 0.389, -0.0845]
[0.2, 0.389, -0.084]
[0.2, 0.389, -0.0835]
[0.2, 0.389, -0.083]
[0.2, 0.389, -0.0835]
[0.2, 0.389, -0.084]
[0.2, 0.389, -0.0845]
[0.2, 0.3885, -0.085]
[0.2, 0.3885, -0.0855]
[0.2, 0.3885, -0.086]
[0.2, 0.3885, -0.0865]
[0.2, 0.3885, -0.087]
[0.2, 0.3885, -0.0875]
[0.2, 0.3885, -0.088]
[0.2, 0.388, -0.0885]
[0.2, 0.388, -0.089]
[0.2, 0.388, -0.0895]
[0.2, 0.3885, -0.09]
[0.2, 0.389, -0.0905]
[0.2, 0.3895, -0.0905]
[0.2, 0.39, -0.0905]
[0.2, 0.3905, -0.0905]
[0.2, 0.391, -0.0905]
[0.2, 0.3915, -0.091]
[0.2, 0.392, -0.091]
[0.2, 0.3925, -0.091]
[0.2, 0.393, -0.091]
[0.2, 0.3935, -0.091]
[0.2, 0.394, -0.091]
[0.2, 0.3945, -0.091]
[0.2, 0.395, -0.0905]
[0.2, 0.395, -0.09]
[0.2, 0.395, -0.0895]
[0.2, 0.3945, -0.089]
[0.2, 0.394, -0.089]
[0.2, 0.3935, -0.089]
[0.2, 0.393, -0.089]
[0.2, 0.3925, -0.089]
[0.2, 0.392, -0.0885]
[0.2, 0.3915, -0.0885]
[0.2, 0.391, -0.0885]
[0.2, 0.3905, -0.0885]
[0.2, 0.391, -0.0885]
[0.2, 0.3915, -0.0885]
[0.2, 0.392, -0.0885]
[0.2, 0.3925, -0.089]
[0.2, 0.393, -0.089]
[0.2, 0.3935, -0.089]
[0.2, 0.394, -0.089]
[0.2, 0.3945, -0.0885]
[0.2, 0.394, -0.088]
[0.2, 0.3935, -0.0875]
[0.2, 0.393, -0.0875]
[0.2, 0.3925, -0.087]
[0.2, 0.393, -0.0875]
[0.2, 0.3935, -0.0875]
[0.2, 0.394, -0.0875]
[0.2, 0.3945, -0.087]
[0.2, 0.395, -0.087]
[0.2, 0.3955, -0.0865]
[0.2, 0.395, -0.087]
[0.2, 0.395, -0.0875]
[0.2, 0.395, -0.088]
[0.2, 0.3945, -0.0885]
[0.2, 0.3945, -0.089]
[0.2, 0.395, -0.0895]
[0.2, 0.3955, -0.09]
[0.2, 0.396, -0.09]
[0.2, 0.3965, -0.09]
[0.2, 0.397, -0.09]
[0.2, 0.3975, -0.09]
[0.2, 0.398, -0.09]
[0.2, 0.3985, -0.09]
[0.2, 0.399, -0.09]
[0.2, 0.3995, -0.0895]
[0.2, 0.399, -0.089]
[0.2, 0.3985, -0.0885]
[0.2, 0.3985, -0.088]
[0.2, 0.398, -0.0875]
[0.2, 0.398, -0.087]
[0.2, 0.398, -0.0865]
[0.2, 0.398, -0.086]
[0.2, 0.398, -0.0855]
[0.2, 0.398, -0.085]
[0.2, 0.398, -0.0855]
[0.2, 0.398, -0.086]
[0.2, 0.398, -0.0865]
[0.2, 0.398, -0.087]
[0.2, 0.398, -0.0875]
[0.2, 0.3985, -0.088]
[0.2, 0.399, -0.0885]
[0.2, 0.3995, -0.089]
[0.2, 0.4, -0.0885]
[0.2, 0.4, -0.088]
[0.2, 0.4, -0.0875]
[0.2, 0.4005, -0.087]
[0.2, 0.401, -0.0865]
[0.2, 0.4005, -0.087]
[0.2, 0.4, -0.0875]
[0.2, 0.4005, -0.088]
[0.2, 0.401, -0.0885]
[0.2, 0.401, -0.089]
[0.2, 0.4015, -0.0895]
[0.2, 0.402, -0.0895]
[0.2, 0.4025, -0.0895]
[0.2, 0.403, -0.089]
[0.2, 0.403, -0.0885]
[0.2, 0.4035, -0.0885]
[0.2, 0.404, -0.088]
[0.2, 0.4035, -0.0875]
[0.2, 0.4035, -0.087]
[0.2, 0.403, -0.0865]
[0.2, 0.403, -0.086]
[0.2, 0.403, -0.0855]
[0.2, 0.403, -0.085]
[0.2, 0.4025, -0.0845]
[0.2, 0.402, -0.085]
[0.2, 0.4025, -0.0845]
[0.2, 0.4025, -0.084]
[0.2, 0.4025, -0.0835]
[0.2, 0.4025, -0.083]
[0.2, 0.4025, -0.0825]
[0.2, 0.4025, -0.082]
[0.2, 0.4025, -0.0815]
[0.2, 0.4025, -0.081]
[0.2, 0.4025, -0.0805]
[0.2, 0.4025, -0.08]
[0.2, 0.4025, -0.0795]
[0.2, 0.403, -0.079]
[0.2, 0.403, -0.0785]
[0.2, 0.403, -0.078]
[0.2, 0.403, -0.0775]
[0.2, 0.403, -0.077]
[0.2, 0.403, -0.0765]
[0.2, 0.403, -0.077]
[0.2, 0.403, -0.0775]
[0.2, 0.403, -0.078]
[0.2, 0.403, -0.0785]
[0.2, 0.403, -0.079]
[0.2, 0.4025, -0.0795]
[0.2, 0.4025, -0.08]
[0.2, 0.4025, -0.0805]
[0.2, 0.4025, -0.081]
[0.2, 0.4025, -0.0815]
[0.2, 0.4025, -0.082]
[0.2, 0.4025, -0.0825]
[0.2, 0.4025, -0.083]
[0.2, 0.4025, -0.0835]
[0.2, 0.4025, -0.084]
[0.2, 0.403, -0.0845]
[0.2, 0.403, -0.085]
[0.2, 0.403, -0.0855]
[0.2, 0.403, -0.086]
[0.2, 0.403, -0.0865]
[0.2, 0.4035, -0.087]
[0.2, 0.4035, -0.0875]
[0.2, 0.404, -0.088]
[0.2, 0.4045, -0.088]
[0.2, 0.405, -0.0875]
[0.2, 0.405, -0.087]
[0.2, 0.405, -0.0865]
[0.2, 0.405, -0.086]
[0.2, 0.405, -0.0855]
[0.2, 0.405, -0.086]
[0.2, 0.405, -0.0865]
[0.2, 0.405, -0.087]
[0.2, 0.405, -0.0875]
[0.2, 0.405, -0.088]
[0.2, 0.405, -0.0885]
[0.2, 0.405, -0.089]
[0.2, 0.4055, -0.0895]
[0.2, 0.406, -0.0895]
[0.2, 0.4065, -0.0895]
[0.2, 0.407, -0.0895]
[0.2, 0.4075, -0.0895]
[0.2, 0.408, -0.0895]
[0.2, 0.4085, -0.0895]
[0.2, 0.409, -0.0895]
[0.2, 0.4095, -0.0895]
[0.2, 0.41, -0.089]
[0.2, 0.4095, -0.0885]
[0.2, 0.4095, -0.088]
[0.2, 0.4095, -0.0875]
[0.2, 0.409, -0.087]
[0.2, 0.409, -0.0865]
[0.2, 0.409, -0.086]
[0.2, 0.409, -0.0865]
[0.2, 0.409, -0.087]
[0.2, 0.4095, -0.0875]
[0.2, 0.4095, -0.088]
[0.2, 0.41, -0.0885]
[0.2, 0.4105, -0.0885]
[0.2, 0.411, -0.0885]
[0.2, 0.4115, -0.0885]
[0.2, 0.412, -0.0885]
[0.2, 0.4125, -0.0885]
[0.2, 0.413, -0.0885]
[0.2, 0.4135, -0.0885]
[0.2, 0.414, -0.0885]
[0.2, 0.4145, -0.088]
[0.2, 0.415, -0.088]
[0.2, 0.4155, -0.088]
[0.2, 0.416, -0.088]
[0.2, 0.4165, -0.088]
[0.2, 0.417, -0.088]
[0.2, 0.4175, -0.088]
[0.2, 0.418, -0.0875]
[0.2, 0.4185, -0.0875]
[0.2, 0.419, -0.087]
[0.2, 0.419, -0.0865]
[0.2, 0.419, -0.086]
[0.2, 0.4185, -0.0855]
[0.2, 0.418, -0.085]
[0.2, 0.418, -0.0845]
[0.2, 0.4175, -0.084]
[0.2, 0.4175, -0.0835]
[0.2, 0.417, -0.083]
[0.2, 0.4165, -0.0825]
[0.2, 0.416, -0.0825]
[0.2, 0.4155, -0.0825]
[0.2, 0.415, -0.082]
[0.2, 0.4145, -0.0815]
[0.2, 0.4145, -0.081]
[0.2, 0.414, -0.0805]
[0.2, 0.4145, -0.081]
[0.2, 0.415, -0.0815]
[0.2, 0.4155, -0.082]
[0.2, 0.416, -0.0825]
[0.2, 0.4165, -0.0825]
[0.2, 0.417, -0.083]
[0.2, 0.4175, -0.0835]
[0.2, 0.4175, -0.084]
[0.2, 0.418, -0.0845]
[0.2, 0.418, -0.085]
[0.2, 0.4185, -0.0855]
[0.2, 0.419, -0.0855]
[0.2, 0.419, -0.086]
[0.2, 0.419, -0.0865]
[0.2, 0.419, -0.087]
[0.2, 0.4195, -0.0875]
[0.2, 0.42, -0.0875]
[0.2, 0.4205, -0.0875]
[0.2, 0.421, -0.0875]
[0.2, 0.4215, -0.0875]
[0.2, 0.422, -0.0875]
[0.2, 0.4225, -0.087]
[0.2, 0.4225, -0.0865]
[0.2, 0.422, -0.086]
[0.2, 0.4215, -0.086]
[0.2, 0.4215, -0.0855]
[0.2, 0.421, -0.085]
[0.2, 0.4205, -0.0845]
[0.2, 0.4205, -0.084]
[0.2, 0.42, -0.0835]
[0.2, 0.4205, -0.084]
[0.2, 0.421, -0.0845]
[0.2, 0.421, -0.085]
[0.2, 0.4215, -0.0855]
[0.2, 0.422, -0.086]
[0.2, 0.4225, -0.0855]
[0.2, 0.423, -0.0855]
[0.2, 0.4235, -0.086]
[0.2, 0.4235, -0.0865]
[0.2, 0.424, -0.087]
[0.2, 0.4245, -0.0865]
[0.2, 0.425, -0.086]
[0.2, 0.4255, -0.0855]
[0.2, 0.425, -0.085]
[0.2, 0.425, -0.0845]
[0.2, 0.425, -0.084]
[0.2, 0.425, -0.0835]
[0.2, 0.425, -0.083]
[0.2, 0.425, -0.0825]
[0.2, 0.4245, -0.082]
[0.2, 0.4245, -0.0815]
[0.2, 0.424, -0.081]
[0.2, 0.424, -0.0805]
[0.2, 0.424, -0.08]
[0.2, 0.4235, -0.0795]
[0.2, 0.4235, -0.079]
[0.2, 0.4235, -0.0785]
[0.2, 0.4235, -0.078]
[0.2, 0.423, -0.0775]
[0.2, 0.4225, -0.077]
[0.2, 0.422, -0.0765]
[0.2, 0.4225, -0.077]
[0.2, 0.423, -0.0775]
[0.2, 0.4235, -0.078]
[0.2, 0.4235, -0.0785]
[0.2, 0.4235, -0.079]
[0.2, 0.424, -0.0795]
[0.2, 0.424, -0.08]
[0.2, 0.424, -0.0805]
[0.2, 0.424, -0.081]
[0.2, 0.4245, -0.0815]
[0.2, 0.4245, -0.082]
[0.2, 0.425, -0.0825]
[0.2, 0.425, -0.083]
[0.2, 0.425, -0.0835]
[0.2, 0.425, -0.084]
[0.2, 0.425, -0.0845]
[0.2, 0.425, -0.085]
[0.2, 0.4255, -0.0855]
[0.2, 0.426, -0.0855]
[0.2, 0.4265, -0.0855]
[0.2, 0.427, -0.0855]
[0.2, 0.4275, -0.0855]
[0.2, 0.428, -0.085]
[0.2, 0.4285, -0.085]
[0.2, 0.429, -0.0845]
[0.2, 0.4285, -0.084]
[0.2, 0.428, -0.0835]
[0.2, 0.4275, -0.083]
[0.2, 0.427, -0.0825]
[0.2, 0.427, -0.082]
[0.2, 0.427, -0.0815]
[0.2, 0.427, -0.081]
[0.2, 0.427, -0.0815]
[0.2, 0.427, -0.082]
[0.2, 0.4275, -0.0825]
[0.2, 0.4275, -0.083]
[0.2, 0.428, -0.0835]
[0.2, 0.4285, -0.0835]
[0.2, 0.429, -0.084]
[0.2, 0.4295, -0.084]
[0.2, 0.43, -0.0835]
[0.2, 0.43, -0.083]
[0.2, 0.4305, -0.083]
[0.2, 0.431, -0.083]
[0.2, 0.4315, -0.083]
[0.2, 0.432, -0.0825]
[0.2, 0.4325, -0.0825]
[0.2, 0.433, -0.082]
[0.2, 0.433, -0.0815]
[0.2, 0.433, -0.081]
[0.2, 0.433, -0.0805]
[0.2, 0.433, -0.08]
[0.2, 0.4335, -0.08]
[0.2, 0.434, -0.08]
[0.2, 0.4345, -0.08]
[0.2, 0.435, -0.0795]
[0.2, 0.4355, -0.079]
[0.2, 0.4355, -0.0785]
[0.2, 0.4355, -0.078]
[0.2, 0.436, -0.078]
[0.2, 0.4365, -0.0775]
[0.2, 0.436, -0.077]
[0.2, 0.4355, -0.0765]
[0.2, 0.435, -0.0765]
[0.2, 0.4345, -0.076]
[0.2, 0.434, -0.076]
[0.2, 0.4335, -0.076]
[0.2, 0.433, -0.076]
[0.2, 0.4325, -0.0755]
[0.2, 0.432, -0.075]
[0.2, 0.4315, -0.075]
[0.2, 0.431, -0.075]
[0.2, 0.4315, -0.075]
[0.2, 0.432, -0.075]
[0.2, 0.4325, -0.0755]
[0.2, 0.433, -0.0755]
[0.2, 0.4335, -0.076]
[0.2, 0.434, -0.076]
[0.2, 0.4345, -0.076]
[0.2, 0.435, -0.0765]
[0.2, 0.4355, -0.0765]
[0.2, 0.436, -0.077]
[0.2, 0.4365, -0.077]
[0.2, 0.437, -0.0775]
[0.2, 0.4375, -0.077]
[0.2, 0.438, -0.0765]
[0.2, 0.4385, -0.076]
[0.2, 0.4385, -0.0755]
[0.2, 0.439, -0.075]
[0.2, 0.4395, -0.0745]
[0.2, 0.439, -0.074]
[0.2, 0.4385, -0.0735]
[0.2, 0.438, -0.0735]
[0.2, 0.4375, -0.0735]
[0.2, 0.437, -0.0735]
[0.2, 0.4365, -0.073]
[0.2, 0.436, -0.0725]
[0.2, 0.4365, -0.073]
[0.2, 0.437, -0.0735]
[0.2, 0.4375, -0.0735]
[0.2, 0.438, -0.0735]
[0.2, 0.4385, -0.073]
[0.2, 0.439, -0.073]
[0.2, 0.4395, -0.073]
[0.2, 0.44, -0.0725]
[0.2, 0.44, -0.072]
[0.2, 0.44, -0.0715]
[0.2, 0.4395, -0.071]
[0.2, 0.439, -0.0705]
[0.2, 0.4385, -0.07]
[0.2, 0.438, -0.0695]
[0.2, 0.4375, -0.0695]
[0.2, 0.437, -0.069]
[0.2, 0.4365, -0.069]
[0.2, 0.436, -0.0685]
[0.2, 0.4355, -0.0685]
[0.2, 0.435, -0.0685]
[0.2, 0.4345, -0.0685]
[0.2, 0.434, -0.0685]
[0.2, 0.4335, -0.068]
[0.2, 0.433, -0.068]
[0.2, 0.4325, -0.068]
[0.2, 0.432, -0.068]
[0.2, 0.4325, -0.068]
[0.2, 0.433, -0.068]
[0.2, 0.4335, -0.068]
[0.2, 0.434, -0.068]
[0.2, 0.4345, -0.0685]
[0.2, 0.435, -0.0685]
[0.2, 0.4355, -0.0685]
[0.2, 0.436, -0.0685]
[0.2, 0.4365, -0.069]
[0.2, 0.437, -0.069]
[0.2, 0.4375, -0.0695]
[0.2, 0.438, -0.0695]
[0.2, 0.4385, -0.07]
[0.2, 0.439, -0.07]
[0.2, 0.4395, -0.0705]
[0.2, 0.44, -0.071]
[0.2, 0.4405, -0.071]
[0.2, 0.441, -0.071]
[0.2, 0.4415, -0.0705]
[0.2, 0.442, -0.07]
[0.2, 0.4425, -0.0695]
[0.2, 0.443, -0.069]
[0.2, 0.443, -0.0685]
[0.2, 0.443, -0.068]
[0.2, 0.443, -0.0675]
[0.2, 0.4435, -0.067]
[0.2, 0.4435, -0.0665]
[0.2, 0.4435, -0.066]
[0.2, 0.443, -0.0655]
[0.2, 0.4425, -0.0655]
[0.2, 0.442, -0.065]
[0.2, 0.4415, -0.065]
[0.2, 0.441, -0.0645]
[0.2, 0.4405, -0.0645]
[0.2, 0.44, -0.0645]
[0.2, 0.4395, -0.0645]
[0.2, 0.439, -0.0645]
[0.2, 0.4385, -0.0645]
[0.2, 0.439, -0.0645]
[0.2, 0.4395, -0.0645]
[0.2, 0.44, -0.0645]
[0.2, 0.4405, -0.0645]
[0.2, 0.441, -0.0645]
[0.2, 0.4415, -0.0645]
[0.2, 0.442, -0.064]
[0.2, 0.4425, -0.064]
[0.2, 0.443, -0.0635]
[0.2, 0.4435, -0.0635]
[0.2, 0.444, -0.064]
[0.2, 0.4445, -0.0635]
[0.2, 0.4445, -0.063]
[0.2, 0.445, -0.0625]
[0.2, 0.445, -0.062]
[0.2, 0.4455, -0.0615]
[0.2, 0.4455, -0.061]
[0.2, 0.445, -0.0605]
[0.2, 0.4445, -0.0605]
[0.2, 0.444, -0.0605]
[0.2, 0.4435, -0.061]
[0.2, 0.443, -0.0615]
[0.2, 0.4425, -0.0615]
[0.2, 0.442, -0.0615]
[0.2, 0.4425, -0.0615]
[0.2, 0.443, -0.061]
[0.2, 0.4435, -0.061]
[0.2, 0.444, -0.0605]
[0.2, 0.4445, -0.0605]
[0.2, 0.445, -0.06]
[0.2, 0.445, -0.0595]
[0.2, 0.445, -0.059]
[0.2, 0.4455, -0.0585]
[0.2, 0.4455, -0.058]
[0.2, 0.4455, -0.0575]
[0.2, 0.4455, -0.057]
[0.2, 0.4455, -0.0565]
[0.2, 0.4455, -0.056]
[0.2, 0.4455, -0.0555]
[0.2, 0.445, -0.055]
[0.2, 0.4445, -0.055]
[0.2, 0.444, -0.0555]
[0.2, 0.4435, -0.0555]
[0.2, 0.443, -0.056]
[0.2, 0.4425, -0.0565]
[0.2, 0.442, -0.057]
[0.2, 0.442, -0.0575]
[0.2, 0.4415, -0.0575]
[0.2, 0.441, -0.0575]
[0.2, 0.4415, -0.0575]
[0.2, 0.442, -0.057]
[0.2, 0.4425, -0.0565]
[0.2, 0.4425, -0.056]
[0.2, 0.443, -0.0555]
[0.2, 0.4435, -0.0555]
[0.2, 0.444, -0.0555]
[0.2, 0.4445, -0.055]
[0.2, 0.445, -0.055]
[0.2, 0.4455, -0.0545]
[0.2, 0.446, -0.054]
[0.2, 0.4465, -0.0535]
[0.2, 0.4465, -0.053]
[0.2, 0.4465, -0.0525]
[0.2, 0.4465, -0.052]
[0.2, 0.4465, -0.0515]
[0.2, 0.446, -0.051]
[0.2, 0.4455, -0.051]
[0.2, 0.445, -0.0515]
[0.2, 0.4445, -0.0515]
[0.2, 0.444, -0.052]
[0.2, 0.4445, -0.0515]
[0.2, 0.445, -0.0515]
[0.2, 0.4455, -0.051]
[0.2, 0.446, -0.051]
[0.2, 0.4465, -0.0505]
[0.2, 0.4465, -0.05]
[0.2, 0.447, -0.0495]
[0.2, 0.4475, -0.049]
[0.2, 0.4475, -0.0485]
[0.2, 0.448, -0.048]
[0.2, 0.448, -0.0475]
[0.2, 0.448, -0.047]
[0.2, 0.448, -0.0465]
[0.2, 0.448, -0.046]
[0.2, 0.448, -0.0455]
[0.2, 0.4485, -0.045]
[0.2, 0.448, -0.0445]
[0.2, 0.4475, -0.0445]
[0.2, 0.447, -0.0445]
[0.2, 0.4465, -0.045]
[0.2, 0.447, -0.0445]
[0.2, 0.4475, -0.0445]
[0.2, 0.448, -0.0445]
[0.2, 0.4485, -0.044]
[0.2, 0.4485, -0.0435]
[0.2, 0.449, -0.043]
[0.2, 0.449, -0.0425]
[0.2, 0.449, -0.042]
[0.2, 0.449, -0.0415]
[0.2, 0.449, -0.041]
[0.2, 0.449, -0.0405]
[0.2, 0.4485, -0.04]
[0.2, 0.448, -0.04]
[0.2, 0.4475, -0.0405]
[0.2, 0.447, -0.041]
[0.2, 0.4465, -0.0415]
[0.2, 0.446, -0.0415]
[0.2, 0.4455, -0.0415]
[0.2, 0.445, -0.042]
[0.2, 0.4445, -0.042]
[0.2, 0.444, -0.0415]
[0.2, 0.4435, -0.0415]
[0.2, 0.443, -0.0415]
[0.2, 0.4425, -0.0415]
[0.2, 0.442, -0.0415]
[0.2, 0.4415, -0.0415]
[0.2, 0.442, -0.0415]
[0.2, 0.4425, -0.0415]
[0.2, 0.443, -0.0415]
[0.2, 0.4435, -0.0415]
[0.2, 0.444, -0.0415]
[0.2, 0.4445, -0.042]
[0.2, 0.445, -0.042]
[0.2, 0.4455, -0.0415]
[0.2, 0.446, -0.0415]
[0.2, 0.4465, -0.041]
[0.2, 0.447, -0.041]
[0.2, 0.4475, -0.0405]
[0.2, 0.448, -0.04]
[0.2, 0.4485, -0.04]
[0.2, 0.449, -0.0395]
[0.2, 0.449, -0.039]
[0.2, 0.449, -0.0385]
[0.2, 0.449, -0.038]
[0.2, 0.4495, -0.0375]
[0.2, 0.4495, -0.037]
[0.2, 0.4495, -0.0365]
[0.2, 0.4495, -0.036]
[0.2, 0.4495, -0.0355]
[0.2, 0.449, -0.035]
[0.2, 0.4485, -0.035]
[0.2, 0.448, -0.035]
[0.2, 0.4475, -0.0355]
[0.2, 0.4475, -0.036]
[0.2, 0.4475, -0.0355]
[0.2, 0.4475, -0.035]
[0.2, 0.448, -0.035]
[0.2, 0.4485, -0.035]
[0.2, 0.449, -0.0345]
[0.2, 0.4485, -0.034]
[0.2, 0.448, -0.0335]
[0.2, 0.4475, -0.033]
[0.2, 0.447, -0.033]
[0.2, 0.447, -0.0325]
[0.2, 0.447, -0.032]
[0.2, 0.4465, -0.0315]
[0.2, 0.446, -0.0315]
[0.2, 0.4455, -0.0315]
[0.2, 0.446, -0.0315]
[0.2, 0.4465, -0.0315]
[0.2, 0.447, -0.0315]
[0.2, 0.4475, -0.032]
[0.2, 0.448, -0.0325]
[0.2, 0.448, -0.033]
[0.2, 0.448, -0.0335]
[0.2, 0.4485, -0.034]
[0.2, 0.449, -0.034]
[0.2, 0.4495, -0.0345]
[0.2, 0.45, -0.034]
[0.2, 0.45, -0.0335]
[0.2, 0.45, -0.033]
[0.2, 0.45, -0.0325]
[0.2, 0.45, -0.032]
[0.2, 0.45, -0.0315]
[0.2, 0.4495, -0.031]
[0.2, 0.4495, -0.0305]
[0.2, 0.449, -0.03]
[0.2, 0.449, -0.0295]
[0.2, 0.4485, -0.029]
[0.2, 0.448, -0.029]
[0.2, 0.4475, -0.0295]
[0.2, 0.447, -0.0295]
[0.2, 0.447, -0.029]
[0.2, 0.447, -0.0285]
[0.2, 0.4475, -0.028]
[0.2, 0.4475, -0.0275]
[0.2, 0.4475, -0.027]
[0.2, 0.4475, -0.0265]
[0.2, 0.4475, -0.026]
[0.2, 0.4475, -0.0255]
[0.2, 0.448, -0.025]
[0.2, 0.4475, -0.0245]
[0.2, 0.4475, -0.024]
[0.2, 0.448, -0.0235]
[0.2, 0.4475, -0.024]
[0.2, 0.4475, -0.0245]
[0.2, 0.448, -0.025]
[0.2, 0.4485, -0.0255]
[0.2, 0.449, -0.0255]
[0.2, 0.4495, -0.0255]
[0.2, 0.45, -0.026]
[0.2, 0.4505, -0.0265]
[0.2, 0.451, -0.0265]
[0.2, 0.4515, -0.0265]
[0.2, 0.452, -0.0265]
[0.2, 0.4525, -0.0265]
[0.2, 0.453, -0.026]
[0.2, 0.453, -0.0255]
[0.2, 0.4535, -0.025]
[0.2, 0.454, -0.0245]
[0.2, 0.454, -0.024]
[0.2, 0.4545, -0.0235]
[0.2, 0.455, -0.023]
[0.2, 0.455, -0.0225]
[0.2, 0.455, -0.023]
[0.2, 0.4545, -0.0235]
[0.2, 0.4545, -0.024]
[0.2, 0.454, -0.0245]
[0.2, 0.454, -0.025]
[0.2, 0.4535, -0.0255]
[0.2, 0.453, -0.026]
[0.2, 0.4525, -0.0265]
[0.2, 0.452, -0.0265]
[0.2, 0.4515, -0.0265]
[0.2, 0.451, -0.0265]
[0.2, 0.4505, -0.0265]
[0.2, 0.45, -0.026]
[0.2, 0.4495, -0.0255]
[0.2, 0.449, -0.0255]
[0.2, 0.4485, -0.0255]
[0.2, 0.448, -0.025]
[0.2, 0.4475, -0.0255]
[0.2, 0.4475, -0.026]
[0.2, 0.4475, -0.0265]
[0.2, 0.4475, -0.027]
[0.2, 0.4475, -0.0275]
[0.2, 0.4475, -0.028]
[0.2, 0.448, -0.0285]
[0.2, 0.4485, -0.029]
[0.2, 0.449, -0.029]
[0.2, 0.449, -0.0295]
[0.2, 0.449, -0.03]
[0.2, 0.4495, -0.0305]
[0.2, 0.45, -0.031]
[0.2, 0.45, -0.0315]
[0.2, 0.45, -0.032]
[0.2, 0.45, -0.0325]
[0.2, 0.45, -0.033]
[0.2, 0.45, -0.0335]
[0.2, 0.45, -0.034]
[0.2, 0.45, -0.0345]
[0.2, 0.4495, -0.035]
[0.2, 0.4495, -0.0355]
[0.2, 0.4495, -0.036]
[0.2, 0.4495, -0.0365]
[0.2, 0.4495, -0.037]
[0.2, 0.4495, -0.0375]
[0.2, 0.449, -0.038]
[0.2, 0.449, -0.0385]
[0.2, 0.449, -0.039]
[0.2, 0.449, -0.0395]
[0.2, 0.449, -0.04]
[0.2, 0.449, -0.0405]
[0.2, 0.449, -0.041]
[0.2, 0.449, -0.0415]
[0.2, 0.449, -0.042]
[0.2, 0.449, -0.0425]
[0.2, 0.449, -0.043]
[0.2, 0.4485, -0.0435]
[0.2, 0.4485, -0.044]
[0.2, 0.4485, -0.0445]
[0.2, 0.4485, -0.045]
[0.2, 0.448, -0.0455]
[0.2, 0.448, -0.046]
[0.2, 0.448, -0.0465]
[0.2, 0.448, -0.047]
[0.2, 0.448, -0.0475]
[0.2, 0.448, -0.048]
[0.2, 0.4475, -0.0485]
[0.2, 0.4475, -0.049]
[0.2, 0.447, -0.0495]
[0.2, 0.4465, -0.05]
[0.2, 0.4465, -0.0505]
[0.2, 0.4465, -0.051]
[0.2, 0.4465, -0.0515]
[0.2, 0.4465, -0.052]
[0.2, 0.4465, -0.0525]
[0.2, 0.4465, -0.053]
[0.2, 0.4465, -0.0535]
[0.2, 0.446, -0.054]
[0.2, 0.446, -0.0545]
[0.2, 0.4455, -0.055]
[0.2, 0.4455, -0.0555]
[0.2, 0.4455, -0.056]
[0.2, 0.4455, -0.0565]
[0.2, 0.4455, -0.057]
[0.2, 0.4455, -0.0575]
[0.2, 0.4455, -0.058]
[0.2, 0.4455, -0.0585]
[0.2, 0.4455, -0.059]
[0.2, 0.445, -0.0595]
[0.2, 0.445, -0.06]
[0.2, 0.445, -0.0605]
[0.2, 0.4455, -0.061]
[0.2, 0.4455, -0.0615]
[0.2, 0.445, -0.062]
[0.2, 0.445, -0.0625]
[0.2, 0.445, -0.063]
[0.2, 0.4445, -0.0635]
[0.2, 0.4445, -0.064]
[0.2, 0.444, -0.0645]
[0.2, 0.444, -0.065]
[0.2, 0.444, -0.0655]
[0.2, 0.4435, -0.066]
[0.2, 0.4435, -0.0665]
[0.2, 0.4435, -0.067]
[0.2, 0.4435, -0.0675]
[0.2, 0.443, -0.068]
[0.2, 0.443, -0.0685]
[0.2, 0.443, -0.069]
[0.2, 0.4425, -0.0695]
[0.2, 0.4425, -0.07]
[0.2, 0.442, -0.07]
[0.2, 0.4415, -0.0705]
[0.2, 0.441, -0.071]
[0.2, 0.4405, -0.071]
[0.2, 0.44, -0.0715]
[0.2, 0.44, -0.072]
[0.2, 0.44, -0.0725]
[0.2, 0.44, -0.073]
[0.2, 0.4395, -0.0735]
[0.2, 0.4395, -0.074]
[0.2, 0.4395, -0.0745]
[0.2, 0.4395, -0.075]
[0.2, 0.439, -0.0755]
[0.2, 0.4385, -0.076]
[0.2, 0.438, -0.0765]
[0.2, 0.438, -0.077]
[0.2, 0.4375, -0.077]
[0.2, 0.437, -0.0775]
[0.2, 0.4365, -0.078]
[0.2, 0.4365, -0.0785]
[0.2, 0.4365, -0.079]
[0.2, 0.436, -0.079]
[0.2, 0.4355, -0.0795]
[0.2, 0.435, -0.0795]
[0.2, 0.4345, -0.08]
[0.2, 0.434, -0.0805]
[0.2, 0.434, -0.081]
[0.2, 0.4335, -0.081]
[0.2, 0.433, -0.0815]
[0.2, 0.433, -0.082]
[0.2, 0.4325, -0.0825]
[0.2, 0.432, -0.0825]
[0.2, 0.4315, -0.083]
[0.2, 0.431, -0.0835]
[0.2, 0.431, -0.084]
[0.2, 0.4305, -0.084]
[0.2, 0.43, -0.084]
[0.2, 0.4295, -0.084]
[0.2, 0.429, -0.0845]
[0.2, 0.4285, -0.085]
[0.2, 0.428, -0.085]
[0.2, 0.4275, -0.0855]
[0.2, 0.427, -0.0855]
[0.2, 0.4265, -0.0855]
[0.2, 0.426, -0.0855]
[0.2, 0.4255, -0.0855]
[0.2, 0.425, -0.086]
[0.2, 0.425, -0.0865]
[0.2, 0.4245, -0.0865]
[0.2, 0.424, -0.087]
[0.2, 0.4235, -0.087]
[0.2, 0.423, -0.0865]
[0.2, 0.4225, -0.087]
[0.2, 0.422, -0.0875]
[0.2, 0.4215, -0.0875]
[0.2, 0.421, -0.0875]
[0.2, 0.4205, -0.0875]
[0.2, 0.42, -0.0875]
[0.2, 0.4195, -0.0875]
[0.2, 0.419, -0.0875]
[0.2, 0.4185, -0.0875]
[0.2, 0.418, -0.0875]
[0.2, 0.4175, -0.088]
[0.2, 0.417, -0.088]
[0.2, 0.4165, -0.088]
[0.2, 0.416, -0.088]
[0.2, 0.4155, -0.088]
[0.2, 0.415, -0.088]
[0.2, 0.4145, -0.088]
[0.2, 0.414, -0.0885]
[0.2, 0.4135, -0.0885]
[0.2, 0.413, -0.0885]
[0.2, 0.4125, -0.0885]
[0.2, 0.412, -0.0885]
[0.2, 0.4115, -0.0885]
[0.2, 0.411, -0.0885]
[0.2, 0.4105, -0.0885]
[0.2, 0.41, -0.089]
[0.2, 0.4095, -0.0895]
[0.2, 0.409, -0.0895]
[0.2, 0.4085, -0.0895]
[0.2, 0.408, -0.0895]
[0.2, 0.4075, -0.0895]
[0.2, 0.407, -0.0895]
[0.2, 0.4065, -0.0895]
[0.2, 0.406, -0.0895]
[0.2, 0.4055, -0.0895]
[0.2, 0.405, -0.0895]
[0.2, 0.4045, -0.089]
[0.2, 0.404, -0.0895]
[0.2, 0.4035, -0.09]
[0.2, 0.4035, -0.0905]
[0.2, 0.4035, -0.091]
[0.2, 0.404, -0.0915]
[0.2, 0.4045, -0.0915]
[0.2, 0.405, -0.0915]
[0.2, 0.4055, -0.0915]
