[3, 339][11, 331]
[15, 327][16, 326]
[22, 320][22, 320]
[19, 326][3, 342]
[3, 345][28, 320]
[60, 288][78, 270]
[84, 267][57, 294]
[31, 320][3, 348]
[3, 351][37, 317]
[55, 299][88, 266]
[91, 266][54, 303]
[43, 314][3, 354]
[3, 357][48, 312]
[52, 308][94, 266]
[97, 266][3, 360]
[3, 363][104, 262]
[107, 262][3, 366]
[3, 369][115, 257]
[121, 254][3, 372]
[3, 375][128, 250]
[136, 245][3, 378]
[3, 381][139, 245]
[140, 247][0, 387]
[0, 390][140, 250]
[140, 251][0, 391]
[3, 391][140, 254]
[140, 257][6, 391]
[9, 391][132, 268]
[134, 266][141, 259]
[132, 271][12, 391]
[15, 391][132, 274]
[140, 266][145, 261]
[135, 274][18, 391]
[21, 391][139, 273]
[141, 271][151, 261]
[154, 261][24, 391]
[27, 391][156, 262]
[157, 264][30, 391]
[33, 391][158, 266]
[161, 266][36, 391]
[39, 391][163, 267]
[164, 269][42, 391]
[45, 391][167, 269]
[168, 271][48, 391]
[51, 391][170, 272]
[171, 274][54, 391]
[57, 391][174, 274]
[176, 275][60, 391]
[63, 391][177, 277]
[180, 277][66, 391]
[69, 391][185, 275]
[188, 275][72, 391]
[75, 391][191, 275]
[194, 275][78, 391]
[81, 391][197, 275]
[201, 274][84, 391]
[87, 391][205, 273]
[209, 272][90, 391]
[93, 391][212, 272]
[215, 272][96, 391]
[99, 391][217, 273]
[220, 273][102, 391]
[105, 391][223, 273]
[226, 273][108, 391]
[111, 391][228, 274]
[229, 276][114, 391]
[117, 391][194, 314]
[199, 309][229, 279]
[224, 287][209, 302]
[194, 317][120, 391]
[123, 391][196, 318]
[219, 295][219, 295]
[279, 235][282, 232]
[197, 320][126, 391]
[129, 391][199, 321]
[278, 242][288, 232]
[199, 324][132, 391]
[135, 391][201, 325]
[278, 248][289, 237]
[201, 328][138, 391]
[141, 391][204, 328]
[279, 253][292, 240]
[205, 330][144, 391]
[147, 391][206, 332]
[281, 257][296, 242]
[297, 244][282, 259]
[207, 334][150, 391]
[153, 391][208, 336]
[283, 261][299, 245]
[300, 247][284, 263]
[210, 337][156, 391]
[159, 391][212, 338]
[285, 265][302, 248]
[303, 250][287, 266]
[215, 338][162, 391]
[165, 391][220, 336]
[222, 334][222, 334]
[288, 268][305, 251]
[306, 253][290, 269]
[225, 334][168, 391]
[171, 391][227, 335]
[291, 271][307, 255]
[308, 257][293, 272]
[227, 338][174, 391]
[177, 391][222, 346]
[295, 273][309, 259]
[219, 352][180, 391]
[183, 391][218, 356]
[298, 276][311, 263]
[218, 359][186, 391]
[189, 391][218, 362]
[300, 280][312, 268]
[219, 364][192, 391]
[195, 391][222, 364]
[260, 326][263, 323]
[301, 285][313, 273]
[224, 365][198, 391]
[201, 391][225, 367]
[241, 351][243, 349]
[250, 342][273, 319]
[298, 294][314, 278]
[314, 281][291, 304]
[275, 320][249, 346]
[228, 367][204, 391]
[207, 391][237, 361]
[242, 356][275, 323]
[287, 311][314, 284]
[314, 287][288, 313]
[275, 326][257, 344]
[240, 361][210, 391]
[213, 391][249, 355]
[262, 342][275, 329]
[288, 316][314, 290]
[316, 291][288, 319]
[249, 358][216, 391]
[219, 391][247, 363]
[269, 341][276, 334]
[288, 322][317, 293]
[319, 294][287, 326]
[247, 366][222, 391]
[225, 391][249, 367]
[258, 358][263, 353]
[270, 346][281, 335]
[287, 329][321, 295]
[323, 296][260, 359]
[251, 368][228, 391]
[231, 391][254, 368]
[261, 361][323, 299]
[325, 300][261, 364]
[257, 368][234, 391]
[237, 391][326, 302]
[327, 304][240, 391]
[243, 391][327, 307]
[327, 310][246, 391]
[249, 391][327, 313]
[325, 318][252, 391]
[255, 391][324, 322]
[322, 327][258, 391]
[261, 391][322, 330]
[322, 333][264, 391]
[267, 391][322, 336]
[338, 320][339, 319]
[323, 338][270, 391]
[273, 391][326, 338]
[338, 326][342, 322]
[332, 335][276, 391]
[279, 391][343, 327]
[343, 330][282, 391]
[285, 391][343, 333]
[344, 335][288, 391]
[291, 391][344, 338]
[344, 341][294, 391]
[297, 391][345, 343]
[345, 346][300, 391]
[303, 391][345, 349]
[345, 352][306, 391]
[309, 391][346, 354]
[353, 347][360, 340]
[346, 357][312, 391]
[315, 391][346, 360]
[353, 353][366, 340]
[369, 340][353, 356]
[346, 363][318, 391]
[321, 391][346, 366]
[353, 359][372, 340]
[373, 342][355, 360]
[347, 368][324, 391]
[327, 391][347, 371]
[355, 363][374, 344]
[375, 346][356, 365]
[348, 373][330, 391]
[333, 391][348, 376]
[356, 368][375, 349]
[375, 352][357, 370]
[351, 376][336, 391]
[339, 391][354, 376]
[357, 373][377, 353]
[377, 356][342, 391]
[345, 391][378, 358]
[379, 360][348, 391]
[351, 391][379, 363]
[381, 364][354, 391]
[357, 391][381, 367]
[383, 368][360, 391]
[363, 391][384, 370]
[386, 371][366, 391]
[369, 391][387, 373]
[375, 391][385, 381]
[381, 391][387, 385]
[387, 391][395, 383]
[393, 391][395, 389]
