[107, 104]
[106, 105]
[105, 106]
[104, 107]
[103, 108]
[102, 108]
[101, 109]
[100, 109]
[99, 110]
[98, 111]
[97, 111]
[96, 112]
[95, 112]
[94, 113]
[94, 114]
[93, 115]
[93, 116]
[92, 117]
[92, 118]
[92, 119]
[92, 120]
[93, 121]
[93, 122]
[93, 123]
[94, 124]
[93, 125]
[92, 126]
[92, 127]
[91, 128]
[91, 129]
[90, 130]
[89, 131]
[89, 132]
[89, 133]
[88, 134]
[88, 135]
[88, 136]
[87, 137]
[87, 138]
[87, 139]
[87, 140]
[87, 141]
[87, 142]
[87, 143]
[87, 144]
[88, 145]
[88, 146]
[89, 147]
[90, 148]
[91, 149]
[92, 149]
[93, 149]
[94, 149]
[95, 149]
[96, 149]
[97, 148]
[98, 147]
[99, 146]
[100, 145]
[101, 144]
[101, 143]
[102, 142]
[103, 141]
[104, 140]
[105, 139]
[105, 138]
[106, 137]
[107, 136]
[108, 136]
[109, 136]
[110, 136]
[111, 135]
[111, 134]
[111, 133]
[111, 132]
[111, 131]
[111, 130]
[111, 129]
[111, 128]
[111, 127]
[111, 126]
[110, 125]
[109, 125]
[108, 124]
[109, 125]
[110, 125]
[111, 126]
[111, 127]
[111, 128]
[111, 129]
[110, 130]
[109, 131]
[110, 130]
[111, 131]
[111, 132]
[111, 133]
[111, 134]
[111, 135]
[110, 136]
[109, 136]
[108, 136]
[107, 135]
[108, 134]
[107, 135]
[107, 136]
[106, 137]
[105, 138]
[104, 139]
[104, 140]
[103, 141]
[102, 142]
[101, 143]
[100, 144]
[100, 145]
[99, 146]
[98, 147]
[97, 148]
[96, 149]
[95, 149]
[94, 149]
[93, 149]
[92, 149]
[91, 149]
[90, 148]
[89, 147]
[89, 146]
[88, 145]
[87, 144]
[87, 143]
[87, 142]
[87, 141]
[87, 140]
[87, 139]
[87, 138]
[87, 137]
[88, 136]
[88, 135]
[88, 134]
[89, 133]
[89, 132]
[89, 131]
[90, 130]
[91, 129]
[91, 128]
[92, 127]
[93, 126]
[93, 125]
[94, 124]
[95, 123]
[96, 122]
[97, 122]
[96, 122]
[95, 123]
[94, 123]
[93, 122]
[93, 121]
[92, 120]
[92, 119]
[92, 118]
[93, 117]
[93, 116]
[93, 115]
[94, 114]
[95, 113]
[96, 112]
[97, 111]
[98, 111]
[99, 110]
[100, 109]
[101, 109]
[102, 108]
[103, 108]
[104, 107]
[105, 106]
