[305, 100]
[306, 100]
[307, 101]
[307, 102]
[308, 103]
[308, 104]
[308, 105]
[308, 106]
[309, 107]
[309, 108]
[309, 109]
[309, 110]
[310, 111]
[310, 112]
[310, 113]
[310, 114]
[311, 115]
[311, 116]
[311, 117]
[311, 118]
[311, 119]
[311, 120]
[311, 121]
[311, 122]
[311, 123]
[311, 124]
[311, 125]
[311, 126]
[311, 127]
[311, 128]
[310, 129]
[309, 130]
[308, 131]
[307, 132]
[306, 132]
[305, 131]
[305, 130]
[304, 129]
[304, 128]
[304, 127]
[303, 126]
[304, 127]
[304, 128]
[304, 129]
[305, 130]
[305, 131]
[306, 132]
[307, 133]
[308, 134]
[308, 135]
[309, 136]
[310, 137]
[310, 138]
[311, 139]
[311, 140]
[311, 141]
[310, 142]
[310, 143]
[309, 144]
[309, 145]
[308, 146]
[307, 147]
[307, 148]
[306, 149]
[305, 150]
[304, 151]
[303, 152]
[302, 152]
[301, 153]
[300, 153]
[299, 153]
[298, 153]
[299, 153]
[300, 153]
[301, 153]
[302, 152]
[303, 153]
[303, 154]
[303, 155]
[303, 156]
[303, 157]
[303, 158]
[303, 159]
[302, 160]
[301, 161]
[300, 161]
[299, 161]
[298, 162]
[297, 162]
[296, 162]
[295, 162]
[294, 162]
[293, 162]
[292, 162]
[291, 163]
[290, 163]
[289, 164]
[288, 165]
[288, 166]
[287, 167]
[287, 168]
[286, 169]
[286, 170]
[286, 171]
[285, 172]
[285, 173]
[285, 174]
[285, 175]
[284, 176]
[284, 177]
[284, 178]
[284, 179]
[284, 180]
[284, 181]
[284, 182]
[283, 183]
[283, 184]
[283, 185]
[283, 186]
[283, 187]
[283, 188]
[283, 189]
[283, 190]
[283, 191]
[283, 192]
[283, 193]
[283, 194]
[282, 195]
[282, 196]
[282, 197]
[282, 198]
[282, 199]
[282, 200]
[282, 201]
[281, 202]
[281, 203]
[281, 204]
[280, 205]
[280, 206]
[280, 207]
[279, 208]
[279, 209]
[279, 210]
[278, 211]
[278, 212]
[278, 213]
[278, 214]
[277, 215]
[276, 216]
[276, 217]
[276, 218]
[275, 219]
[275, 220]
[275, 221]
[275, 222]
[275, 223]
[275, 224]
[275, 225]
[274, 226]
[273, 227]
[272, 228]
[273, 227]
[274, 227]
[275, 227]
[276, 228]
[276, 229]
[277, 230]
[278, 231]
[278, 232]
[279, 233]
[280, 234]
[281, 235]
[282, 235]
[283, 236]
[284, 236]
[285, 236]
[286, 237]
[287, 237]
[288, 238]
[289, 239]
[290, 239]
[291, 240]
[292, 241]
[293, 242]
[294, 242]
[295, 243]
[296, 244]
[297, 245]
[298, 246]
[299, 247]
[300, 248]
[301, 249]
[302, 250]
[303, 251]
[303, 252]
[303, 253]
[304, 254]
[304, 255]
[304, 256]
[305, 257]
[305, 258]
[306, 259]
[306, 260]
[307, 261]
[307, 262]
[307, 263]
[308, 264]
[308, 265]
[309, 266]
[309, 267]
[309, 268]
[310, 269]
[310, 270]
[310, 271]
[310, 272]
[311, 273]
[311, 274]
[311, 275]
[311, 276]
[311, 277]
[311, 278]
[311, 279]
[311, 280]
[311, 281]
[311, 282]
[311, 283]
[311, 284]
[311, 285]
[311, 286]
[311, 287]
[312, 288]
[312, 289]
[312, 290]
[312, 291]
[313, 292]
[314, 293]
[314, 294]
[315, 294]
[316, 295]
[316, 296]
[315, 297]
[315, 298]
[314, 299]
[313, 299]
[312, 299]
[312, 300]
[311, 301]
[310, 302]
[309, 303]
[308, 303]
[307, 302]
[307, 301]
[307, 300]
[307, 299]
[307, 298]
[307, 297]
[307, 296]
[307, 295]
[307, 294]
[307, 293]
[307, 292]
[307, 293]
[307, 294]
[307, 295]
[307, 296]
[307, 297]
[307, 298]
[307, 299]
[307, 300]
[307, 301]
[307, 302]
[308, 303]
[308, 304]
[308, 305]
[308, 306]
[308, 307]
[308, 308]
[308, 309]
[307, 310]
[307, 311]
[307, 312]
[307, 313]
[306, 314]
[306, 315]
[306, 316]
[306, 317]
[306, 316]
[306, 315]
[307, 314]
[307, 313]
[307, 312]
[307, 311]
[307, 310]
[308, 309]
[308, 308]
[308, 307]
[308, 306]
[308, 305]
[308, 304]
[309, 303]
[310, 302]
[311, 302]
[311, 301]
[312, 300]
[313, 299]
[314, 299]
[315, 299]
[315, 298]
[316, 297]
[317, 296]
[318, 296]
[319, 297]
[320, 297]
[321, 297]
[322, 298]
[323, 299]
[324, 300]
[323, 299]
[323, 298]
[322, 298]
[321, 297]
[320, 297]
[319, 297]
[318, 296]
[317, 296]
[316, 295]
[315, 294]
[314, 293]
[313, 292]
[313, 291]
[312, 290]
[312, 289]
[312, 288]
[311, 287]
[311, 286]
[311, 285]
[311, 284]
[311, 283]
[311, 282]
[311, 281]
[311, 280]
[311, 279]
[311, 278]
[311, 277]
[311, 276]
[311, 275]
[311, 274]
[311, 273]
[310, 272]
[310, 271]
[310, 270]
[310, 269]
[309, 268]
[309, 267]
[309, 266]
[308, 265]
[308, 264]
[307, 263]
[307, 262]
[307, 261]
[306, 260]
[306, 259]
[305, 258]
[305, 257]
[306, 256]
[307, 256]
[308, 255]
[309, 255]
[310, 255]
[311, 256]
[312, 257]
[312, 258]
[313, 259]
[313, 260]
[314, 261]
[315, 262]
[315, 263]
[316, 264]
[316, 265]
[317, 266]
[317, 267]
[318, 268]
[318, 269]
[319, 270]
[319, 271]
[319, 272]
[320, 273]
[320, 274]
[321, 275]
[321, 276]
[322, 277]
[323, 278]
[324, 279]
[323, 280]
[323, 281]
[323, 282]
[323, 283]
[323, 284]
[323, 285]
[323, 286]
[323, 287]
[324, 288]
[324, 289]
[324, 288]
[324, 287]
[323, 286]
[323, 285]
[323, 284]
[323, 283]
[323, 282]
[323, 281]
[324, 280]
[325, 280]
[326, 280]
[327, 280]
[328, 280]
[329, 280]
[330, 280]
[331, 280]
[332, 280]
[333, 280]
[334, 280]
[335, 281]
[336, 281]
[337, 281]
[338, 282]
[339, 283]
[340, 283]
[341, 284]
[342, 285]
[343, 286]
[344, 287]
[345, 288]
[346, 289]
[347, 290]
[348, 290]
[349, 291]
[350, 292]
[351, 293]
[351, 294]
[352, 295]
[353, 295]
[354, 296]
[355, 297]
[356, 297]
[357, 298]
[358, 298]
[359, 299]
[360, 299]
[361, 300]
[362, 300]
[363, 300]
[364, 300]
[365, 301]
[366, 301]
[367, 302]
[368, 302]
[369, 303]
[370, 303]
[371, 304]
[372, 305]
[373, 305]
[374, 306]
[375, 306]
[376, 307]
[377, 307]
[378, 307]
[379, 308]
[380, 308]
[381, 309]
[382, 309]
[383, 310]
[384, 310]
[385, 311]
[386, 311]
[387, 312]
[388, 312]
[389, 313]
[390, 314]
[391, 315]
[392, 315]
[393, 316]
[394, 316]
[395, 317]
[396, 318]
[397, 319]
[398, 319]
[397, 318]
[396, 318]
[395, 317]
[394, 316]
[393, 316]
[392, 315]
[391, 314]
[390, 314]
[389, 313]
[388, 312]
[387, 312]
[386, 311]
[385, 311]
[384, 310]
[383, 309]
[382, 309]
[381, 308]
[380, 308]
[379, 308]
[378, 307]
[377, 307]
[376, 306]
[375, 306]
[374, 305]
[373, 305]
[372, 304]
[371, 303]
[370, 303]
[369, 303]
[368, 302]
[367, 302]
[366, 301]
[365, 301]
[364, 300]
[363, 300]
[362, 300]
[361, 299]
[360, 299]
[359, 299]
[358, 298]
[357, 297]
[356, 297]
[355, 296]
[354, 296]
[353, 295]
[352, 294]
[351, 293]
[350, 292]
[349, 291]
[348, 290]
[347, 289]
[346, 288]
[345, 288]
[344, 287]
[343, 286]
[342, 285]
[341, 284]
[340, 283]
[339, 282]
[338, 282]
[337, 281]
[336, 281]
[335, 281]
[334, 280]
[333, 280]
[332, 280]
[331, 280]
[330, 280]
[329, 280]
[328, 280]
[327, 280]
[326, 280]
[325, 280]
[324, 279]
[323, 278]
[322, 277]
[322, 276]
[321, 275]
[321, 274]
[320, 273]
[320, 272]
[319, 271]
[319, 270]
[318, 269]
[318, 268]
[317, 267]
[317, 266]
[316, 265]
[316, 264]
[315, 263]
[315, 262]
[314, 261]
[313, 260]
[313, 259]
[312, 258]
[312, 257]
[311, 256]
[310, 255]
[309, 254]
[308, 253]
[307, 253]
[306, 252]
[305, 252]
[304, 252]
[303, 251]
[302, 250]
[301, 249]
[300, 248]
[300, 247]
[299, 246]
[298, 245]
[297, 245]
[296, 244]
[296, 243]
[295, 242]
[294, 242]
[293, 241]
[292, 241]
[291, 240]
[290, 239]
[289, 239]
[288, 238]
[287, 237]
[286, 237]
[285, 236]
[284, 236]
[283, 236]
[282, 235]
[281, 235]
[280, 234]
[279, 233]
[279, 232]
[278, 231]
[277, 230]
[277, 229]
[276, 228]
[275, 227]
[274, 226]
[275, 225]
[275, 224]
[275, 223]
[275, 222]
[275, 221]
[275, 220]
[275, 219]
[276, 218]
[276, 217]
[276, 216]
[277, 215]
[278, 214]
[278, 213]
[278, 212]
[279, 211]
[279, 210]
[279, 209]
[280, 208]
[280, 207]
[280, 206]
[280, 205]
[281, 204]
[281, 203]
[281, 202]
[282, 201]
[282, 200]
[282, 199]
[282, 198]
[282, 197]
[282, 196]
[282, 195]
[283, 194]
[283, 193]
[283, 192]
[283, 191]
[283, 190]
[283, 189]
[283, 188]
[283, 187]
[283, 186]
[283, 185]
[283, 184]
[283, 183]
[284, 182]
[284, 181]
[284, 180]
[284, 179]
[284, 178]
[284, 177]
[284, 176]
[285, 175]
[285, 174]
[285, 173]
[285, 172]
[286, 171]
[286, 170]
[286, 169]
[287, 168]
[287, 167]
[288, 166]
[288, 165]
[289, 164]
[290, 163]
[291, 163]
[292, 162]
[293, 162]
[294, 162]
[295, 162]
[296, 162]
[297, 162]
[298, 162]
[299, 161]
[300, 161]
[301, 161]
[302, 160]
[303, 159]
[303, 158]
[303, 157]
[303, 156]
[303, 155]
[303, 154]
[303, 153]
[304, 152]
[305, 151]
[305, 150]
[306, 149]
[307, 148]
[307, 147]
[308, 146]
[309, 145]
[309, 144]
[310, 143]
[310, 142]
[311, 141]
[311, 140]
[311, 139]
[310, 138]
[310, 137]
[309, 136]
[308, 135]
[308, 134]
[307, 133]
[308, 132]
[309, 131]
[309, 130]
[310, 129]
[311, 128]
[311, 127]
[311, 126]
[311, 125]
[311, 124]
[311, 123]
[311, 122]
[311, 121]
[311, 120]
[311, 119]
[311, 118]
[311, 117]
[311, 116]
[311, 115]
[310, 114]
[310, 113]
[310, 112]
[310, 111]
[309, 110]
[309, 109]
[309, 108]
[309, 107]
[309, 106]
[308, 105]
[308, 104]
[308, 103]
[307, 102]
[307, 101]
[307, 100]
