[240, 51]
[239, 52]
[238, 52]
[237, 53]
[238, 52]
[239, 52]
[240, 51]
[241, 52]
[242, 53]
[243, 54]
[244, 54]
[245, 54]
[246, 54]
[247, 55]
[248, 56]
[248, 57]
[249, 58]
[249, 59]
[248, 60]
[248, 61]
[248, 62]
[249, 62]
[250, 63]
[251, 64]
[252, 65]
[253, 66]
[254, 67]
[254, 68]
[255, 69]
[255, 70]
[256, 71]
[256, 72]
[256, 73]
[256, 74]
[256, 75]
[256, 76]
[256, 77]
[256, 78]
[256, 77]
[256, 76]
[256, 75]
[256, 74]
[256, 73]
[256, 72]
[256, 71]
[255, 70]
[255, 69]
[255, 68]
[254, 67]
[253, 66]
[252, 65]
[251, 64]
[250, 63]
[249, 62]
[248, 61]
[248, 60]
[249, 59]
[249, 58]
[248, 57]
[248, 56]
[248, 55]
[247, 55]
[246, 54]
[245, 54]
[244, 54]
[243, 54]
[242, 53]
