[104, 3]
[103, 4]
[102, 5]
[101, 5]
[100, 6]
[99, 7]
[98, 8]
[97, 7]
[97, 6]
[96, 6]
[95, 6]
[95, 7]
[95, 8]
[96, 9]
[95, 10]
[94, 11]
[94, 12]
[93, 13]
[92, 14]
[91, 15]
[91, 16]
[90, 17]
[89, 18]
[89, 19]
[88, 20]
[88, 21]
[88, 22]
[87, 23]
[87, 24]
[87, 25]
[86, 26]
[86, 27]
[85, 28]
[85, 29]
[85, 30]
[84, 31]
[84, 32]
[84, 33]
[83, 34]
[83, 35]
[82, 36]
[82, 37]
[82, 38]
[82, 39]
[82, 40]
[82, 41]
[81, 42]
[81, 43]
[81, 44]
[81, 45]
[81, 46]
[81, 47]
[81, 48]
[81, 49]
[81, 50]
[81, 51]
[81, 52]
[81, 53]
[81, 54]
[81, 55]
[81, 56]
[81, 57]
[81, 58]
[81, 59]
[81, 60]
[81, 61]
[81, 62]
[81, 63]
[81, 64]
[81, 65]
[81, 66]
[81, 67]
[81, 68]
[82, 69]
[82, 70]
[82, 71]
[83, 72]
[83, 73]
[84, 74]
[84, 75]
[84, 76]
[84, 77]
[84, 78]
[84, 79]
[84, 80]
[84, 81]
[84, 82]
[84, 83]
[84, 84]
[84, 85]
[84, 86]
[84, 87]
[84, 88]
[84, 89]
[84, 90]
[84, 91]
[84, 92]
[84, 93]
[84, 94]
[84, 95]
[84, 96]
[84, 97]
[83, 98]
[83, 99]
[83, 100]
[83, 101]
[83, 102]
[84, 103]
[84, 104]
[84, 105]
[84, 106]
[84, 107]
[85, 108]
[85, 109]
[86, 110]
[87, 111]
[87, 112]
[88, 113]
[88, 114]
[88, 115]
[88, 116]
[88, 117]
[88, 118]
[88, 119]
[88, 120]
[88, 121]
[88, 122]
[88, 123]
[88, 124]
[88, 125]
[88, 126]
[88, 127]
[88, 128]
[88, 129]
[88, 130]
[88, 131]
[88, 132]
[88, 133]
[88, 134]
[88, 135]
[88, 136]
[89, 137]
[89, 138]
[89, 139]
[89, 140]
[89, 141]
[89, 142]
[89, 143]
[90, 144]
[90, 145]
[91, 146]
[91, 147]
[92, 148]
[92, 149]
[93, 150]
[93, 151]
[94, 152]
[94, 153]
[95, 154]
[95, 155]
[96, 156]
[96, 157]
[96, 158]
[96, 159]
[96, 160]
[96, 161]
[96, 162]
[96, 163]
[96, 164]
[97, 165]
[97, 166]
[98, 167]
[99, 168]
[99, 169]
[100, 170]
[100, 171]
[101, 172]
[102, 173]
[102, 174]
[103, 175]
[104, 176]
[105, 177]
[106, 178]
[107, 179]
[108, 179]
[109, 180]
[110, 181]
[111, 182]
[112, 183]
[113, 184]
[113, 185]
[114, 186]
[114, 187]
[114, 188]
[115, 189]
[115, 190]
[115, 191]
[116, 192]
[116, 193]
[116, 194]
[116, 195]
[116, 196]
[116, 197]
[117, 198]
[117, 199]
[117, 200]
[117, 201]
[118, 202]
[118, 203]
[119, 204]
[119, 205]
[119, 206]
[120, 207]
[120, 208]
[120, 209]
[120, 210]
[121, 211]
[121, 212]
[121, 213]
[122, 214]
[122, 215]
[123, 216]
[123, 217]
[124, 218]
[124, 219]
[124, 220]
[125, 221]
[125, 222]
[126, 223]
[126, 224]
[127, 225]
[128, 226]
[128, 227]
[129, 228]
[129, 229]
[130, 230]
[131, 231]
[131, 232]
[132, 233]
[133, 234]
[134, 235]
[134, 236]
[135, 237]
[135, 238]
[136, 239]
[136, 240]
[136, 241]
[137, 242]
[137, 243]
[137, 244]
[137, 245]
[136, 246]
[136, 247]
[136, 248]
[135, 249]
[135, 250]
[134, 251]
[133, 252]
[132, 252]
[131, 252]
[130, 252]
[129, 252]
[128, 253]
[127, 253]
[126, 254]
[125, 254]
[124, 255]
[123, 256]
[122, 256]
[121, 256]
[120, 257]
[119, 258]
[118, 259]
[117, 259]
[116, 259]
[115, 260]
[114, 260]
[113, 260]
[112, 261]
[111, 261]
[110, 262]
[109, 262]
[108, 263]
[107, 263]
[106, 263]
[105, 264]
[104, 264]
[103, 264]
[102, 264]
[101, 265]
[100, 265]
[99, 265]
[98, 266]
[97, 266]
[96, 266]
[95, 266]
[94, 267]
[93, 267]
[92, 267]
[91, 267]
[90, 267]
[89, 267]
[88, 268]
[87, 268]
[86, 268]
[85, 269]
[84, 269]
[83, 270]
[82, 271]
[81, 271]
[80, 272]
[79, 272]
[78, 273]
[77, 274]
[76, 275]
[75, 275]
[74, 276]
[73, 277]
[72, 278]
[71, 279]
[70, 279]
[69, 280]
[69, 281]
[68, 282]
[67, 283]
[66, 284]
[65, 285]
[64, 286]
[64, 287]
[63, 288]
[62, 289]
[61, 290]
[61, 291]
[60, 292]
[59, 293]
[59, 294]
[59, 295]
[58, 296]
[58, 297]
[57, 298]
[57, 299]
[57, 300]
[56, 301]
[56, 302]
[56, 303]
[56, 304]
[56, 305]
[55, 306]
[55, 307]
[55, 308]
[54, 309]
[53, 309]
[52, 310]
[51, 311]
[50, 312]
[49, 312]
[48, 312]
[47, 312]
[46, 312]
[45, 313]
[44, 313]
[43, 313]
[42, 314]
[41, 314]
[40, 315]
[39, 315]
[38, 315]
[37, 316]
[36, 316]
[35, 316]
[34, 317]
[33, 317]
[32, 318]
[31, 319]
[30, 319]
[29, 319]
[28, 320]
[27, 320]
[26, 320]
[25, 320]
[24, 320]
[23, 320]
[22, 320]
[21, 320]
[20, 321]
[19, 321]
[18, 321]
[17, 321]
[16, 322]
[15, 322]
[14, 323]
[13, 323]
[12, 324]
[11, 324]
[10, 325]
[9, 325]
[8, 325]
[7, 326]
[6, 327]
[5, 327]
[4, 328]
[3, 328]
[2, 328]
[1, 329]
[2, 328]
[3, 328]
[4, 328]
[5, 327]
[6, 327]
[7, 326]
[8, 326]
[9, 325]
[10, 325]
[11, 324]
[12, 324]
[13, 323]
[14, 323]
[15, 323]
[16, 322]
[17, 322]
[18, 321]
[19, 321]
[20, 321]
[21, 320]
[22, 320]
[23, 320]
[24, 320]
[25, 320]
[26, 320]
[27, 320]
[28, 320]
[29, 319]
[30, 319]
[31, 319]
[32, 319]
[33, 318]
[34, 317]
[35, 317]
[36, 316]
[37, 316]
[38, 316]
[39, 315]
[40, 315]
[41, 314]
[42, 314]
[43, 313]
[44, 313]
[45, 313]
[46, 312]
[47, 312]
[48, 312]
[49, 312]
[50, 312]
[51, 311]
[52, 310]
[53, 309]
[54, 309]
[55, 308]
[55, 307]
[56, 306]
[56, 305]
[56, 304]
[56, 303]
[56, 302]
[56, 301]
[57, 300]
[57, 299]
[57, 298]
[58, 297]
[58, 296]
[59, 295]
[59, 294]
[60, 293]
[60, 292]
[61, 291]
[62, 290]
[63, 289]
[63, 288]
[64, 287]
[65, 286]
[65, 285]
[66, 284]
[67, 283]
[68, 282]
[69, 281]
[70, 280]
[71, 279]
[72, 278]
[73, 277]
[74, 276]
[75, 275]
[76, 275]
[77, 274]
[78, 273]
[79, 272]
[80, 272]
[81, 271]
[82, 271]
[83, 270]
[84, 269]
[85, 269]
[86, 268]
[87, 268]
[88, 268]
[89, 267]
[90, 267]
[91, 267]
[92, 267]
[93, 267]
[94, 267]
[95, 266]
[96, 266]
[97, 266]
[98, 266]
[99, 265]
[100, 265]
[101, 265]
[102, 264]
[103, 264]
[104, 264]
[105, 264]
[106, 263]
[107, 263]
[108, 263]
[109, 263]
[110, 262]
[111, 261]
[112, 261]
[113, 260]
[114, 260]
[115, 260]
[116, 259]
[117, 259]
[118, 259]
[119, 258]
[120, 258]
[121, 257]
[122, 256]
[123, 256]
[124, 255]
[125, 255]
[126, 254]
[127, 254]
[128, 253]
[129, 252]
[130, 252]
[131, 252]
[132, 252]
[133, 252]
[134, 251]
[135, 252]
[135, 253]
[136, 254]
[136, 255]
[136, 256]
[136, 257]
[136, 258]
[136, 259]
[136, 260]
[136, 261]
[135, 262]
[134, 262]
[133, 263]
[132, 263]
[131, 264]
[130, 265]
[129, 264]
[128, 264]
[127, 263]
[128, 264]
[129, 264]
[130, 265]
[129, 266]
[129, 267]
[129, 268]
[128, 269]
[128, 270]
[128, 271]
[128, 272]
[128, 273]
[129, 274]
[130, 275]
[130, 276]
[131, 276]
[132, 276]
[133, 277]
[134, 277]
[135, 277]
[136, 277]
[137, 278]
[138, 279]
[139, 280]
[139, 281]
[139, 282]
[139, 283]
[139, 284]
[139, 285]
[139, 286]
[138, 287]
[137, 288]
[136, 288]
[135, 288]
[136, 288]
[137, 288]
[138, 287]
[139, 287]
[140, 287]
[141, 288]
[142, 289]
[143, 289]
[144, 290]
[144, 291]
[144, 292]
[145, 293]
[145, 294]
[145, 295]
[146, 296]
[146, 297]
[146, 298]
[146, 299]
[146, 300]
[147, 301]
[147, 302]
[147, 303]
[147, 304]
[147, 305]
[147, 306]
[147, 307]
[147, 308]
[148, 309]
[149, 310]
[149, 311]
[149, 312]
[149, 313]
[150, 314]
[150, 315]
[150, 316]
[151, 317]
[151, 318]
[151, 319]
[152, 320]
[153, 321]
[154, 321]
[153, 321]
[152, 320]
[152, 319]
[151, 318]
[151, 317]
[151, 316]
[150, 315]
[150, 314]
[149, 313]
[149, 312]
[149, 311]
[149, 310]
[148, 309]
[148, 308]
[147, 307]
[147, 306]
[147, 305]
[147, 304]
[147, 303]
[147, 302]
[147, 301]
[146, 300]
[146, 299]
[146, 298]
[146, 297]
[146, 296]
[145, 295]
[145, 294]
[145, 293]
[144, 292]
[144, 291]
[144, 290]
[143, 289]
[142, 288]
[141, 288]
[140, 287]
[139, 286]
[139, 285]
[139, 284]
[139, 283]
[139, 282]
[139, 281]
[139, 280]
[139, 279]
[138, 278]
[137, 278]
[136, 277]
[135, 277]
[134, 277]
[133, 277]
[132, 276]
[131, 276]
[130, 275]
[129, 274]
[129, 273]
[128, 272]
[128, 271]
[128, 270]
[128, 269]
[129, 268]
[129, 267]
[129, 266]
[130, 265]
[131, 264]
[132, 263]
[133, 263]
[134, 263]
[135, 262]
[136, 261]
[136, 260]
[136, 259]
[136, 258]
[136, 257]
[136, 256]
[136, 255]
[136, 254]
[135, 253]
[135, 252]
[134, 251]
[135, 250]
[135, 249]
[136, 248]
[136, 247]
[136, 246]
[137, 245]
[137, 244]
[137, 243]
[137, 242]
[136, 241]
[136, 240]
[136, 239]
[136, 238]
[135, 237]
[135, 236]
[134, 235]
[133, 234]
[133, 233]
[132, 232]
[131, 231]
[130, 230]
[129, 229]
[129, 228]
[128, 227]
[128, 226]
[127, 225]
[127, 224]
[126, 223]
[125, 222]
[125, 221]
[125, 220]
[124, 219]
[124, 218]
[124, 217]
[123, 216]
[123, 215]
[122, 214]
[122, 213]
[121, 212]
[121, 211]
[121, 210]
[120, 209]
[120, 208]
[120, 207]
[120, 206]
[119, 205]
[119, 204]
[119, 203]
[118, 202]
[118, 201]
[117, 200]
[117, 199]
[117, 198]
[116, 197]
[116, 196]
[116, 195]
[116, 194]
[116, 193]
[116, 192]
[115, 191]
[115, 190]
[115, 189]
[114, 188]
[114, 187]
[114, 186]
[113, 185]
[113, 184]
[112, 183]
[111, 182]
[110, 181]
[109, 180]
[108, 179]
[107, 178]
[106, 178]
[105, 177]
[104, 176]
[103, 175]
[103, 174]
[102, 173]
[102, 172]
[101, 171]
[100, 170]
[100, 169]
[99, 168]
[98, 167]
[97, 166]
[97, 165]
[96, 164]
[96, 163]
[96, 162]
[96, 161]
[96, 160]
[96, 159]
[96, 158]
[96, 157]
[96, 156]
[95, 155]
[95, 154]
[94, 153]
[94, 152]
[93, 151]
[93, 150]
[92, 149]
[92, 148]
[91, 147]
[91, 146]
[90, 145]
[90, 144]
[89, 143]
[89, 142]
[89, 141]
[89, 140]
[89, 139]
[89, 138]
[89, 137]
[89, 136]
[88, 135]
[88, 134]
[88, 133]
[88, 132]
[88, 131]
[88, 130]
[88, 129]
[88, 128]
[88, 127]
[88, 126]
[88, 125]
[88, 124]
[88, 123]
[88, 122]
[88, 121]
[88, 120]
[88, 119]
[88, 118]
[88, 117]
[88, 116]
[89, 115]
[90, 115]
[91, 115]
[92, 115]
[93, 115]
[94, 115]
[95, 116]
[96, 116]
[97, 117]
[97, 118]
[98, 119]
[99, 120]
[99, 121]
[100, 122]
[101, 123]
[101, 124]
[101, 123]
[101, 122]
[100, 121]
[99, 120]
[98, 119]
[98, 118]
[97, 117]
[96, 116]
[95, 116]
[94, 115]
[93, 115]
[92, 115]
[91, 115]
[90, 115]
[89, 115]
[88, 114]
[88, 113]
[88, 112]
[87, 111]
[86, 110]
[86, 109]
[85, 108]
[85, 107]
[84, 106]
[84, 105]
[84, 104]
[84, 103]
[83, 102]
[83, 101]
[83, 100]
[83, 99]
[83, 98]
[84, 97]
[84, 96]
[84, 95]
[84, 94]
[84, 93]
[84, 92]
[84, 91]
[84, 90]
[84, 89]
[84, 88]
[84, 87]
[84, 86]
[84, 85]
[84, 84]
[84, 83]
[84, 82]
[84, 81]
[84, 80]
[84, 79]
[84, 78]
[84, 77]
[84, 76]
[84, 75]
[84, 74]
[84, 73]
[83, 72]
[82, 71]
[82, 70]
[82, 69]
[81, 68]
[81, 67]
[81, 66]
[81, 65]
[81, 64]
[81, 63]
[81, 62]
[81, 61]
[81, 60]
[81, 59]
[81, 58]
[81, 57]
[81, 56]
[81, 55]
[81, 54]
[81, 53]
[81, 52]
[81, 51]
[81, 50]
[81, 49]
[81, 48]
[81, 47]
[81, 46]
[81, 45]
[81, 44]
[81, 43]
[81, 42]
[82, 41]
[82, 40]
[82, 39]
[82, 38]
[82, 37]
[83, 36]
[83, 35]
[83, 34]
[84, 33]
[84, 32]
[84, 31]
[85, 30]
[85, 29]
[86, 28]
[86, 27]
[86, 26]
[87, 25]
[87, 24]
[88, 23]
[88, 22]
[88, 21]
[89, 20]
[89, 19]
[89, 18]
[90, 17]
[91, 16]
[92, 15]
[92, 14]
[93, 13]
[94, 12]
[95, 11]
[95, 10]
[96, 9]
[97, 8]
[98, 8]
[99, 7]
[100, 7]
[101, 6]
[102, 5]
[103, 4]
[104, 3]
[105, 3]
[106, 3]
