[227, 159]
[226, 160]
[225, 161]
[224, 161]
[223, 161]
[222, 162]
[221, 163]
[220, 163]
[219, 164]
[218, 164]
[219, 164]
[220, 163]
[221, 163]
[222, 162]
[223, 162]
[224, 161]
[225, 161]
[226, 160]
[227, 160]
[228, 159]
[229, 160]
[230, 160]
[231, 161]
[231, 162]
[231, 163]
[231, 164]
[231, 163]
[231, 162]
[231, 161]
[232, 160]
[233, 160]
[234, 160]
[235, 160]
[236, 160]
[237, 160]
[238, 160]
[239, 161]
[240, 161]
[241, 161]
[242, 161]
[243, 162]
[243, 163]
[243, 164]
[243, 165]
[242, 166]
[241, 167]
[240, 167]
[239, 167]
[238, 167]
[237, 167]
[236, 167]
[235, 167]
[234, 167]
[233, 168]
[232, 168]
[231, 168]
[230, 168]
[229, 168]
[228, 168]
[227, 168]
[226, 169]
[225, 169]
[224, 169]
[223, 170]
[222, 170]
[221, 171]
[220, 171]
[219, 172]
[218, 172]
[219, 172]
[220, 171]
[221, 171]
[222, 170]
[223, 170]
[224, 169]
[225, 169]
[226, 169]
[227, 168]
[228, 168]
[229, 168]
[230, 168]
[231, 168]
[232, 168]
[233, 168]
[234, 167]
[235, 167]
[236, 167]
[237, 167]
[238, 167]
[239, 167]
[240, 167]
[241, 167]
[242, 166]
[243, 166]
[244, 165]
[245, 165]
[246, 165]
[247, 165]
[248, 165]
[249, 166]
[250, 166]
[251, 166]
[252, 166]
[253, 166]
[254, 166]
[255, 166]
[256, 166]
[257, 167]
[258, 167]
[259, 167]
[260, 168]
[261, 169]
[261, 170]
[261, 171]
[261, 172]
[262, 173]
[263, 173]
[264, 174]
[265, 174]
[266, 174]
[267, 174]
[268, 175]
[268, 176]
[268, 177]
[269, 178]
[269, 179]
[269, 180]
[270, 181]
[269, 180]
[269, 179]
[269, 178]
[268, 177]
[268, 176]
[269, 175]
[270, 175]
[271, 175]
[272, 176]
[273, 176]
[274, 177]
[275, 178]
[276, 178]
[277, 179]
[278, 179]
[279, 180]
[280, 181]
[280, 182]
[281, 182]
[282, 183]
[283, 183]
[284, 183]
[285, 183]
[286, 183]
[286, 182]
[287, 181]
[286, 182]
[285, 183]
[284, 183]
[283, 183]
[282, 183]
[281, 182]
[280, 181]
[280, 180]
[279, 180]
[278, 179]
[277, 179]
[276, 178]
[275, 177]
[274, 177]
[273, 176]
[272, 176]
[271, 175]
[270, 175]
[269, 175]
[268, 175]
[267, 174]
[267, 173]
[267, 172]
[266, 171]
[266, 170]
[266, 169]
[265, 169]
[264, 168]
[263, 168]
[262, 168]
[261, 168]
[260, 168]
[259, 167]
[258, 167]
[257, 167]
[256, 166]
[255, 166]
[254, 166]
[253, 166]
[252, 166]
[251, 166]
[250, 166]
[249, 166]
[248, 165]
[247, 165]
[246, 165]
[245, 165]
[244, 165]
[243, 164]
[243, 163]
[243, 162]
[242, 161]
[241, 161]
[240, 161]
[239, 161]
[238, 160]
[237, 160]
[236, 160]
[235, 160]
[234, 160]
[233, 160]
[232, 160]
[231, 160]
[230, 160]
[229, 160]
