[164, 158]
[163, 159]
[162, 159]
[161, 160]
[160, 160]
[159, 160]
[158, 160]
[157, 160]
[156, 160]
[155, 160]
[154, 160]
[153, 161]
[152, 161]
[151, 161]
[150, 161]
[149, 161]
[148, 161]
[147, 161]
[146, 161]
[145, 161]
[144, 161]
[143, 162]
[142, 162]
[141, 163]
[140, 163]
[139, 164]
[138, 165]
[137, 165]
[136, 165]
[135, 165]
[134, 165]
[133, 166]
[132, 166]
[131, 166]
[130, 166]
[129, 167]
[128, 167]
[127, 167]
[126, 168]
[125, 168]
[124, 168]
[123, 169]
[122, 170]
[121, 171]
[120, 172]
[119, 173]
[118, 174]
[117, 174]
[116, 175]
[116, 176]
[115, 177]
[114, 178]
[113, 178]
[113, 179]
[112, 180]
[111, 180]
[112, 180]
[113, 180]
[113, 179]
[114, 178]
[115, 177]
[116, 177]
[116, 176]
[117, 175]
[118, 174]
[119, 173]
[120, 172]
[121, 171]
[122, 170]
[123, 170]
[123, 169]
[124, 168]
[125, 168]
[126, 168]
[127, 167]
[128, 167]
[129, 167]
[130, 166]
[131, 166]
[132, 166]
[133, 166]
[134, 166]
[135, 165]
[136, 165]
[137, 165]
[138, 165]
[139, 164]
[140, 164]
[141, 163]
[142, 162]
[143, 162]
[144, 161]
[145, 161]
[146, 161]
[147, 161]
[148, 161]
[149, 161]
[150, 161]
[151, 161]
[152, 161]
[153, 161]
[154, 161]
[155, 160]
[156, 160]
[157, 160]
[158, 160]
[159, 160]
[160, 160]
[161, 160]
[162, 159]
[163, 159]
[164, 158]
[165, 158]
[166, 158]
[167, 159]
[168, 159]
[169, 159]
[170, 159]
[171, 160]
[172, 160]
[173, 161]
[174, 161]
[175, 161]
[176, 162]
[177, 162]
[178, 162]
[179, 163]
[178, 162]
[177, 162]
[176, 162]
[175, 161]
[174, 161]
[173, 161]
[172, 160]
[171, 160]
[170, 159]
[169, 159]
[168, 159]
[167, 159]
[166, 158]
