[162, 57]
[161, 58]
[160, 58]
[159, 58]
[158, 58]
[157, 58]
[156, 58]
[155, 58]
[154, 58]
[153, 58]
[152, 58]
[151, 58]
[150, 58]
[149, 59]
[148, 59]
[147, 59]
[146, 59]
[145, 59]
[146, 59]
[147, 59]
[148, 59]
[149, 59]
[150, 58]
[151, 58]
[152, 58]
[153, 58]
[154, 58]
[155, 58]
[156, 58]
[157, 58]
[158, 58]
[159, 58]
[160, 58]
[161, 58]
[162, 57]
[163, 57]
[164, 57]
[165, 57]
[166, 57]
[167, 57]
[168, 57]
[169, 57]
[170, 57]
[171, 57]
[172, 57]
[173, 57]
[174, 57]
[175, 57]
[176, 57]
[177, 58]
[178, 59]
[179, 59]
[180, 60]
[181, 61]
[182, 62]
[183, 63]
[184, 63]
[185, 64]
[186, 65]
[187, 65]
[188, 65]
[187, 65]
[186, 64]
[185, 64]
[184, 63]
[183, 62]
[182, 61]
[181, 60]
[180, 59]
[179, 59]
[178, 58]
[177, 58]
[176, 57]
[175, 57]
[174, 57]
[173, 57]
[172, 57]
[171, 57]
[170, 57]
[169, 57]
[168, 57]
[167, 57]
[166, 57]
[165, 57]
[164, 57]
