[284, 121]
[285, 120]
[286, 120]
[287, 120]
[288, 120]
[289, 121]
[289, 122]
[290, 123]
[290, 124]
[291, 125]
[291, 126]
[292, 127]
[292, 128]
[292, 129]
[293, 130]
[293, 131]
[293, 132]
[294, 133]
[294, 134]
[294, 135]
[294, 136]
[293, 137]
[293, 138]
[293, 139]
[293, 140]
[292, 141]
[291, 141]
[290, 141]
[289, 141]
[288, 140]
[287, 139]
[287, 138]
[286, 137]
[286, 136]
[286, 135]
[286, 134]
[286, 133]
[286, 132]
[285, 132]
[284, 131]
[284, 130]
[284, 129]
[284, 128]
[284, 127]
[284, 126]
[283, 125]
[283, 124]
[283, 123]
