[245, 107]
[244, 108]
[244, 109]
[244, 110]
[243, 111]
[242, 111]
[241, 111]
[240, 111]
[239, 112]
[238, 112]
[237, 112]
[236, 112]
[237, 112]
[238, 112]
[239, 112]
[240, 111]
[241, 111]
[242, 111]
[243, 111]
[244, 111]
[245, 111]
[246, 111]
[247, 110]
[248, 109]
[249, 109]
[250, 109]
[251, 109]
[252, 109]
[253, 109]
[254, 109]
[255, 109]
[256, 109]
[257, 109]
[258, 109]
[259, 109]
[258, 109]
[257, 109]
[256, 109]
[255, 109]
[254, 109]
[253, 109]
[252, 109]
[251, 109]
[250, 109]
[249, 109]
[248, 109]
[247, 108]
