[162, 74]
[161, 75]
[160, 75]
[159, 75]
[160, 75]
[161, 75]
[162, 74]
[163, 74]
[164, 74]
[165, 74]
[166, 75]
[167, 75]
[168, 76]
[169, 76]
[170, 76]
[171, 77]
[172, 77]
[173, 77]
[174, 78]
[175, 78]
[176, 79]
[177, 79]
[178, 79]
[179, 80]
[180, 80]
[181, 80]
[182, 81]
[183, 82]
[184, 83]
[185, 84]
[186, 85]
[187, 86]
[187, 87]
[188, 88]
[189, 89]
[188, 90]
[187, 90]
[186, 90]
[185, 90]
[184, 90]
[183, 90]
[182, 90]
[181, 90]
[180, 90]
[179, 89]
[178, 90]
[177, 90]
[176, 91]
[175, 91]
[174, 91]
[173, 91]
[172, 90]
[171, 90]
[170, 90]
[169, 89]
[168, 88]
[167, 88]
[166, 87]
[165, 87]
[164, 86]
[163, 86]
[162, 86]
[161, 85]
[160, 85]
[159, 85]
[158, 85]
[159, 85]
[160, 85]
[161, 85]
[162, 86]
[163, 86]
[164, 87]
[165, 87]
[166, 88]
[167, 88]
[168, 89]
[169, 89]
[170, 90]
[171, 90]
[172, 90]
[173, 91]
[174, 91]
[175, 91]
[176, 91]
[177, 91]
[178, 90]
[179, 89]
[180, 90]
[181, 90]
[182, 90]
[183, 90]
[184, 90]
[185, 90]
[186, 90]
[187, 90]
[188, 90]
[189, 90]
[190, 91]
[191, 91]
[192, 92]
[192, 93]
[193, 94]
[194, 95]
[195, 96]
[196, 97]
[197, 97]
[198, 98]
[199, 98]
[200, 98]
[201, 98]
[202, 98]
[203, 98]
[204, 98]
[205, 97]
[206, 97]
[207, 97]
[208, 97]
[209, 97]
[210, 97]
[211, 97]
[212, 97]
[213, 97]
[214, 97]
[215, 97]
[216, 97]
[217, 97]
[218, 97]
[219, 97]
[220, 97]
[221, 96]
[222, 97]
[223, 97]
[224, 98]
[225, 98]
[226, 97]
[225, 98]
[224, 98]
[223, 97]
[222, 97]
[221, 96]
[220, 95]
[220, 94]
[220, 93]
[220, 92]
[219, 91]
[218, 91]
[217, 90]
[218, 91]
[219, 91]
[220, 92]
[220, 93]
[220, 94]
[220, 95]
[220, 96]
[219, 97]
[218, 97]
[217, 97]
[216, 97]
[215, 97]
[214, 97]
[213, 97]
[212, 97]
[211, 97]
[210, 97]
[209, 97]
[208, 97]
[207, 97]
[206, 97]
[205, 97]
[204, 98]
[203, 98]
[202, 98]
[201, 98]
[200, 98]
[199, 98]
[198, 98]
[197, 97]
[196, 97]
[195, 96]
[194, 95]
[193, 94]
[193, 93]
[192, 92]
[191, 91]
[190, 90]
[189, 89]
[188, 88]
[188, 87]
[187, 86]
[186, 85]
[186, 84]
[185, 83]
[184, 82]
[183, 81]
[182, 81]
[181, 80]
[180, 80]
[179, 80]
[178, 79]
[177, 79]
[176, 79]
[175, 78]
[174, 77]
[173, 77]
[172, 77]
[171, 76]
[170, 76]
[169, 76]
[168, 75]
[167, 75]
[166, 75]
[165, 74]
[164, 74]
