[238, 182]
[237, 183]
[236, 184]
[235, 184]
[234, 184]
[233, 184]
[234, 184]
[235, 184]
[236, 184]
[237, 185]
[237, 186]
[238, 186]
[239, 187]
[240, 187]
[241, 187]
[242, 188]
[243, 188]
[244, 188]
[245, 188]
[246, 187]
[247, 187]
[248, 187]
[249, 187]
[250, 187]
[251, 187]
[252, 187]
[253, 187]
[254, 188]
[255, 188]
[256, 188]
[257, 189]
[258, 189]
[259, 189]
[260, 190]
[261, 190]
[262, 191]
[261, 190]
[260, 190]
[259, 189]
[258, 189]
[257, 189]
[256, 188]
[255, 188]
[254, 188]
[253, 187]
[252, 187]
[251, 187]
[250, 186]
[250, 185]
[249, 184]
[249, 183]
[248, 182]
[247, 182]
[246, 182]
[245, 182]
[244, 182]
[243, 182]
[242, 182]
[241, 182]
[240, 182]
