[263, 350]
[263, 351]
[262, 352]
[261, 353]
[261, 354]
[260, 355]
[259, 356]
[258, 357]
[257, 358]
[256, 359]
[255, 359]
[254, 360]
[253, 361]
[252, 362]
[251, 363]
[250, 364]
[249, 365]
[248, 365]
[247, 366]
[247, 367]
[246, 368]
[245, 369]
[244, 370]
[243, 371]
[243, 372]
[242, 373]
[241, 374]
[241, 375]
[240, 376]
[240, 377]
[239, 378]
[239, 379]
[239, 378]
[240, 377]
[240, 376]
[241, 375]
[242, 374]
[242, 373]
[243, 372]
[244, 371]
[245, 370]
[245, 369]
[246, 368]
[247, 367]
[248, 366]
[249, 365]
[250, 364]
[251, 363]
[252, 362]
[253, 361]
[254, 361]
[255, 360]
[256, 359]
[257, 358]
[258, 357]
[259, 356]
[260, 355]
[261, 354]
[261, 353]
[262, 352]
