[141, 339]
[141, 340]
[142, 341]
[143, 342]
[143, 343]
[144, 344]
[144, 345]
[145, 346]
[146, 347]
[146, 348]
[147, 348]
[148, 349]
[149, 350]
[150, 351]
[151, 352]
[152, 353]
[153, 353]
[154, 354]
[155, 355]
[156, 356]
[157, 357]
[158, 358]
[159, 359]
[160, 360]
[161, 361]
[162, 361]
[163, 362]
[164, 363]
[165, 364]
[166, 365]
[167, 365]
[168, 366]
[169, 367]
[170, 368]
[171, 368]
[172, 369]
[173, 370]
[174, 371]
[175, 371]
[174, 371]
[173, 370]
[172, 369]
[171, 368]
[170, 367]
[169, 367]
[168, 366]
[168, 365]
[167, 365]
[166, 364]
[165, 363]
[164, 362]
[163, 361]
[162, 361]
[161, 360]
[160, 359]
[159, 359]
[158, 358]
[158, 357]
[157, 356]
[156, 355]
[155, 354]
[154, 354]
[153, 353]
[152, 352]
[151, 351]
[150, 350]
[149, 350]
[148, 349]
[147, 348]
[146, 347]
[145, 346]
[145, 345]
[144, 344]
[143, 343]
[143, 342]
[142, 341]
