[134, 172]
[133, 173]
[132, 173]
[131, 174]
[130, 174]
[129, 175]
[128, 176]
[127, 177]
[126, 178]
[125, 179]
[124, 180]
[124, 181]
[124, 182]
[123, 183]
[123, 184]
[123, 185]
[123, 184]
[123, 183]
[124, 182]
[124, 181]
[124, 180]
[125, 179]
[126, 178]
[127, 177]
[128, 176]
[129, 175]
[130, 174]
[131, 174]
[132, 173]
[133, 173]
[134, 172]
[135, 172]
[136, 172]
[137, 172]
[138, 172]
[139, 173]
[140, 173]
[141, 173]
[142, 172]
[143, 172]
[142, 172]
[141, 172]
[140, 173]
[139, 173]
[138, 172]
[137, 172]
[136, 172]
