[201, 180]
[200, 181]
[199, 181]
[198, 181]
[197, 181]
[196, 182]
[195, 182]
[194, 182]
[193, 182]
[192, 183]
[192, 184]
[191, 185]
[191, 186]
[191, 187]
[191, 188]
[191, 189]
[191, 190]
[191, 191]
[191, 192]
[190, 193]
[190, 194]
[190, 195]
[190, 196]
[190, 197]
[190, 198]
[191, 199]
[191, 200]
[191, 201]
[191, 202]
[191, 203]
[191, 202]
[191, 201]
[191, 200]
[191, 199]
[190, 198]
[190, 197]
[190, 196]
[190, 195]
[190, 194]
[190, 193]
[191, 192]
[191, 191]
[191, 190]
[191, 189]
[191, 188]
[191, 187]
[191, 186]
[191, 185]
[192, 184]
[193, 183]
[194, 182]
[195, 182]
[196, 182]
[197, 181]
[198, 181]
[199, 181]
[200, 181]
[201, 180]
[202, 180]
[203, 180]
[204, 180]
[203, 180]
