[152, 323]
[153, 324]
[154, 325]
[155, 326]
[156, 327]
[157, 328]
[158, 328]
[159, 329]
[160, 329]
[161, 330]
[162, 331]
[163, 331]
[164, 332]
[165, 332]
[166, 333]
[167, 334]
[168, 334]
[169, 335]
[170, 335]
[171, 336]
[172, 336]
[173, 337]
[174, 338]
[175, 338]
[176, 338]
[177, 339]
[178, 339]
[179, 339]
[180, 340]
[181, 341]
[182, 341]
[183, 341]
[184, 341]
[185, 341]
[186, 341]
[187, 341]
[188, 341]
[189, 342]
[190, 342]
[191, 342]
[192, 342]
[193, 342]
[194, 342]
[195, 342]
[196, 342]
[197, 342]
[198, 342]
[199, 342]
[200, 342]
[201, 342]
[202, 342]
[203, 342]
[204, 342]
[205, 342]
[206, 342]
[207, 342]
[208, 341]
[209, 341]
[210, 341]
[211, 341]
[212, 340]
[213, 340]
[214, 340]
[215, 339]
[216, 339]
[217, 339]
[218, 338]
[219, 338]
[220, 338]
[221, 337]
[222, 337]
[223, 337]
[224, 336]
[225, 336]
[226, 335]
[227, 335]
[228, 334]
[229, 334]
[228, 334]
[227, 335]
[226, 335]
[225, 336]
[224, 336]
[223, 337]
[222, 337]
[221, 337]
[220, 338]
[219, 338]
[218, 338]
[217, 339]
[216, 339]
[215, 339]
[214, 340]
[213, 340]
[212, 340]
[211, 341]
[210, 341]
[209, 341]
[208, 341]
[207, 342]
[206, 342]
[205, 342]
[204, 342]
[203, 342]
[202, 342]
[201, 342]
[200, 342]
[199, 342]
[198, 342]
[197, 342]
[196, 342]
[195, 342]
[194, 342]
[193, 342]
[192, 342]
[191, 342]
[190, 342]
[189, 342]
[188, 341]
[187, 341]
[186, 341]
[185, 341]
[184, 341]
[183, 341]
[182, 341]
[181, 340]
[180, 340]
[179, 339]
[178, 339]
[177, 338]
[176, 338]
[175, 338]
[174, 337]
[173, 337]
[172, 336]
[171, 336]
[170, 335]
[169, 335]
[168, 334]
[167, 333]
[166, 333]
[165, 332]
[164, 332]
[163, 331]
[162, 331]
[161, 330]
[160, 329]
[159, 329]
[158, 328]
[157, 327]
[156, 326]
[155, 325]
[154, 325]
