[214, 226]
[215, 226]
[216, 227]
[217, 227]
[218, 228]
[219, 229]
[220, 229]
[221, 230]
[222, 230]
[223, 231]
[224, 232]
[225, 232]
[226, 233]
[226, 234]
[227, 235]
[228, 236]
[228, 237]
[229, 238]
[229, 239]
[228, 240]
[227, 241]
[226, 242]
[226, 243]
[225, 244]
[224, 244]
[223, 244]
[222, 244]
[221, 244]
[220, 244]
[219, 243]
[218, 243]
[217, 243]
[216, 243]
[215, 242]
[214, 242]
[213, 243]
[212, 243]
[211, 243]
[210, 243]
[209, 243]
[208, 243]
[207, 243]
[206, 244]
[205, 244]
[206, 244]
[207, 244]
[208, 243]
[209, 243]
[210, 243]
[211, 243]
[212, 243]
[213, 243]
[214, 242]
[215, 242]
[216, 243]
[217, 243]
[218, 243]
[219, 243]
[220, 244]
[221, 244]
[222, 244]
[223, 244]
[224, 244]
[225, 244]
[226, 244]
[226, 243]
[226, 242]
[227, 241]
[228, 241]
[228, 240]
[229, 239]
[229, 238]
[228, 237]
[228, 236]
[228, 235]
[227, 234]
[226, 233]
[225, 232]
[224, 231]
[223, 231]
[222, 230]
[221, 229]
[220, 229]
[219, 228]
[218, 227]
[217, 227]
[216, 227]
