[116, 92]
[115, 93]
[114, 93]
[113, 93]
[112, 94]
[111, 94]
[110, 94]
[109, 94]
[108, 95]
[107, 95]
[106, 95]
[105, 95]
[104, 95]
[103, 96]
[102, 96]
[101, 97]
[100, 98]
[101, 97]
[102, 97]
[103, 96]
[104, 95]
[105, 95]
[106, 95]
[107, 95]
[108, 95]
[109, 95]
[110, 94]
[111, 94]
[112, 94]
[113, 93]
[114, 93]
[115, 93]
[116, 92]
[117, 92]
[118, 92]
[119, 92]
[120, 93]
[121, 93]
[122, 93]
[123, 93]
[124, 94]
[125, 94]
[126, 94]
[127, 94]
[128, 94]
[129, 94]
[130, 94]
[131, 94]
[132, 94]
[133, 94]
[134, 94]
[135, 94]
[136, 94]
[137, 94]
[136, 94]
[135, 94]
[134, 94]
[133, 94]
[132, 94]
[131, 94]
[130, 94]
[129, 94]
[128, 94]
[127, 94]
[126, 94]
[125, 94]
[124, 94]
[123, 93]
[122, 93]
[121, 93]
[120, 93]
[119, 92]
[118, 92]
