2
21 399 24 396
32 393 26 399
31 399 39 391
41 389 41 389
48 387 36 399
41 399 53 387
55 385 56 384
64 381 63 382
61 384 46 399
51 399 73 377
84 371 56 399
61 399 90 370
93 367 94 366
102 363 66 399
71 399 108 362
109 366 76 399
81 399 111 369
111 374 86 399
91 399 112 378
114 381 96 399
101 399 115 385
117 388 106 399
111 399 120 390
121 394 116 399
121 399 123 397
289 346 288 347
286 354 292 348
296 349 280 365
268 382 272 378
276 374 299 351
301 354 256 399
261 399 304 356
308 357 266 399
271 399 311 359
315 360 276 399
281 399 319 361
322 363 286 399
291 399 326 364
330 365 296 399
301 399 334 366
337 368 306 399
311 399 340 370
344 371 316 399
321 399 348 372
353 372 326 399
331 399 353 377
358 377 336 399
341 399 362 378
367 378 346 399
351 399 370 380
373 382 356 399
361 399 377 383
380 385 366 399
371 399 384 386
388 387 376 399
381 399 391 389
395 390 386 399
391 399 399 391
399 396 396 399
