56
139 58 122 75
120 77 118 79
115 87 154 48
164 43 112 95
108 104 171 41
175 42 105 112
104 118 181 41
186 41 101 126
102 130 192 40
196 41 102 135
102 140 201 41
205 42 102 145
102 150 209 43
213 44 102 155
102 160 217 45
220 47 100 167
101 171 228 44
231 46 132 145
127 150 101 176
102 180 125 157
127 155 127 155
153 129 234 48
237 50 167 120
124 163 102 185
102 190 123 169
176 116 241 51
245 52 187 110
122 175 103 194
104 198 122 180
195 107 247 55
250 57 204 103
121 186 107 200
112 200 119 193
121 191 121 191
210 102 253 59
255 62 216 101
118 199 113 204
115 207 117 205
221 101 257 65
260 67 224 103
226 106 262 70
265 72 230 107
234 108 268 74
270 77 269 78
267 80 237 110
240 112 269 83
271 86 246 111
249 113 273 89
276 91 253 114
257 115 277 95
279 98 260 117
224 153 219 158
220 162 230 152
262 120 282 100
283 104 264 123
235 152 225 162
232 160 239 153
266 126 284 108
286 111 266 131
244 153 239 158
241 159 247 153
267 133 286 114
288 117 267 138
250 155 245 160
249 161 254 156
268 142 289 121
291 124 269 146
256 159 253 162
257 163 260 160
270 150 291 129
292 133 271 154
271 159 293 137
293 142 273 162
274 166 295 145
297 148 274 171
275 175 296 154
296 159 275 180
275 185 296 164
296 169 277 188
277 193 296 174
296 179 278 197
278 202 296 184
296 189 278 207
281 209 297 193
296 199 295 200
292 203 281 214
