41
126 166 128 164
129 168 126 171
123 179 133 169
158 149 156 151
138 169 122 185
122 190 147 165
161 151 162 150
166 151 165 152
152 165 121 196
121 201 137 185
151 171 157 165
169 153 169 153
175 152 173 154
159 168 157 170
142 185 122 205
114 218 114 218
122 210 147 185
176 156 179 153
181 156 179 158
150 187 121 216
113 224 112 225
114 228 114 228
117 225 147 195
150 192 154 188
181 161 187 155
191 156 184 163
151 196 116 231
118 234 156 196
187 165 197 155
206 151 189 168
162 195 120 237
121 241 169 193
180 182 180 182
185 177 209 153
217 150 123 244
127 245 208 164
208 169 134 243
136 246 209 173
211 176 135 252
135 257 135 257
138 254 213 179
234 163 230 167
215 182 160 237
155 242 139 258
140 260 154 246
163 237 215 185
233 167 238 162
243 162 238 167
217 188 166 239
156 249 141 264
143 267 159 251
166 244 179 231
185 225 220 190
242 168 248 162
252 163 246 169
223 192 189 226
180 235 169 246
162 253 145 270
146 274 165 255
173 247 187 233
193 227 227 193
249 171 256 164
263 162 252 173
236 189 199 226
189 236 180 245
169 256 147 278
149 281 171 259
185 245 191 239
203 227 239 191
242 188 245 185
255 175 265 165
268 167 257 178
251 184 208 227
175 260 149 286
148 292 178 262
216 224 256 184
259 181 270 170
271 174 220 225
215 230 214 231
181 264 179 266
173 272 148 297
148 302 176 274
179 271 179 271
187 263 188 262
192 258 193 257
212 238 272 178
274 181 214 241
198 257 196 259
178 277 148 307
148 312 181 279
196 264 196 264
201 259 204 256
218 242 274 186
276 189 222 243
210 255 206 259
203 262 201 264
183 282 148 317
116 354 116 354
147 323 186 284
207 263 215 255
225 245 276 194
277 198 228 247
223 252 212 263
192 283 181 294
179 296 177 298
172 303 145 330
121 354 119 356
116 359 114 361
114 366 135 345
137 343 173 307
186 294 199 281
213 267 277 203
277 208 215 270
207 278 190 295
175 310 114 371
113 377 176 314
186 304 186 304
195 295 280 210
280 215 201 294
193 302 186 309
180 315 115 380
116 384 182 318
190 310 199 301
206 294 295 205
291 214 211 294
203 302 192 313
185 320 118 387
121 389 188 322
194 316 210 300
215 295 290 220
287 228 275 240
271 244 220 295
213 302 197 318
190 325 122 393
124 396 192 328
201 319 216 304
225 295 267 253
279 241 283 237
265 260 229 296
221 304 205 320
196 329 126 399
131 399 200 330
211 319 219 311
230 300 263 267
259 276 229 306
209 326 136 399
141 399 218 322
226 314 259 281
260 285 146 399
151 399 261 289
261 294 156 399
161 399 261 299
262 303 166 399
171 399 263 307
263 312 176 399
181 399 264 316
265 320 186 399
191 399 266 324
267 328 196 399
201 399 269 331
271 334 206 399
211 399 274 336
276 339 216 399
221 399 278 342
280 345 226 399
231 399 280 350
279 356 236 399
241 399 285 355
279 366 246 399
251 399 267 383
273 377 275 375
