39
131 146 128 149
126 156 126 156
128 154 152 130
166 121 125 162
124 168 125 167
129 163 175 117
186 111 179 118
151 146 130 167
125 172 123 174
134 168 154 148
189 113 194 108
203 104 196 111
155 152 139 168
148 164 160 152
202 110 209 103
215 102 208 109
164 153 153 164
138 184 150 172
158 164 168 154
212 110 220 102
223 104 214 113
172 155 160 167
156 171 143 184
148 184 175 157
217 115 225 107
229 108 220 117
178 159 151 186
148 194 149 193
155 187 180 162
223 119 233 109
236 111 224 123
183 164 158 189
156 191 152 195
157 195 186 166
226 126 239 113
245 112 232 125
188 169 163 194
170 192 179 183
181 181 184 178
236 126 248 114
252 115 240 127
209 163 219 153
245 127 256 116
259 118 251 126
218 159 209 168
210 172 219 163
255 127 261 121
263 124 257 130
224 163 212 175
214 178 231 161
259 133 265 127
265 132 262 135
238 159 235 162
229 168 216 181
159 238 156 241
155 245 162 238
216 184 232 168
239 161 240 160
263 137 266 134
266 139 264 141
237 168 218 187
165 240 157 248
160 250 165 245
180 230 184 226
221 189 241 169
265 145 267 143
268 147 265 150
245 170 224 191
188 227 181 234
168 247 167 248
164 251 163 252
166 254 168 252
171 249 172 248
188 232 192 228
228 192 248 172
265 155 269 151
270 155 267 158
251 174 237 188
198 227 190 235
171 254 170 255
172 258 174 256
192 238 202 228
240 190 241 189
246 184 254 176
268 162 270 160
272 163 269 166
256 179 252 183
207 228 191 244
179 261 180 260
195 245 215 225
257 183 258 182
271 169 273 167
273 172 272 173
219 226 216 229
213 232 198 247
183 262 182 263
178 267 177 268
175 270 174 271
177 273 178 272
180 270 186 264
200 250 211 239
273 177 274 176
213 242 205 250
191 264 179 276
182 278 195 265
209 251 217 243
221 244 214 251
200 265 184 281
187 283 206 264
219 251 224 246
225 250 224 251
211 264 193 282
176 299 173 302
174 306 185 295
200 280 212 268
214 271 208 277
189 296 176 309
177 313 185 305
187 303 194 296
200 295 194 301
185 310 181 314
183 317 189 311
200 300 205 295
210 295 204 301
191 314 186 319
189 321 193 317
211 299 214 296
219 296 214 301
196 319 191 324
193 327 200 320
217 303 224 296
228 297 222 303
204 321 197 328
201 329 210 320
220 310 229 301
228 307 210 325
219 321 225 315
