2
22 399 25 396
38 390 29 399
36 399 48 387
58 384 43 399
50 399 67 382
69 380 72 377
83 373 57 399
64 399 99 364
108 362 71 399
78 399 109 368
111 373 85 399
92 399 112 379
114 384 99 399
106 399 117 388
120 392 113 399
120 399 123 396
291 347 287 351
280 365 296 349
300 352 256 396
260 399 303 356
308 358 267 399
274 399 313 360
319 361 281 399
288 399 324 363
329 365 295 399
302 399 335 366
339 369 309 399
316 399 344 371
349 373 323 399
330 399 354 375
359 377 337 399
344 399 365 378
370 380 351 399
358 399 375 382
380 384 365 399
372 399 384 387
390 388 379 399
386 399 395 390
399 393 393 399
