39
126 156 126 156
128 154 152 130
171 118 125 164
123 173 125 171
130 166 151 145
168 128 168 128
175 121 175 121
177 119 185 111
196 107 192 111
154 149 135 168
145 165 158 152
200 110 206 104
215 102 208 109
164 153 153 164
140 184 152 172
159 165 169 155
213 111 221 103
224 107 216 115
175 156 147 184
152 186 179 159
221 117 230 108
235 110 223 122
182 163 157 188
154 191 151 194
157 195 186 166
226 126 239 113
247 112 233 126
186 173 165 194
239 127 251 115
256 117 246 127
220 153 209 164
210 170 218 162
254 126 260 120
263 124 257 130
224 163 212 175
215 179 233 161
261 133 264 130
266 134 263 137
240 160 239 161
232 168 216 184
162 238 155 245
158 249 165 242
179 228 180 227
220 187 239 168
265 142 267 140
268 146 265 149
244 170 224 190
188 226 181 233
167 247 162 252
167 254 169 252
172 249 173 248
188 233 193 228
229 192 230 191
234 187 249 172
265 156 268 153
270 158 267 161
253 175 243 185
240 188 239 189
201 227 191 237
176 259 176 259
191 244 207 228
252 183 256 179
269 166 272 163
273 169 271 171
217 225 196 246
181 261 180 262
176 273 177 272
179 270 186 263
200 249 210 239
273 176 273 176
213 243 206 250
191 265 180 276
183 280 198 265
212 251 219 244
224 246 219 251
206 264 187 283
174 303 177 300
181 296 182 295
195 282 210 267
224 253 224 253
229 248 229 248
215 269 207 277
189 295 176 308
179 312 184 307
188 303 196 295
203 295 197 301
188 310 182 316
186 319 191 314
204 301 210 295
216 296 213 299
194 318 190 322
193 326 198 321
217 302 223 296
229 297 222 304
205 321 198 328
206 327 215 318
219 314 232 301
225 315 219 321
