41
126 170 129 167
134 169 123 180
122 188 144 166
159 151 160 150
166 151 165 152
152 165 121 196
121 203 139 185
153 171 158 166
170 154 172 152
178 153 176 155
146 185 122 209
112 226 113 225
117 221 117 221
121 217 151 187
180 158 182 156
189 156 183 162
156 189 155 190
150 195 118 227
118 234 156 196
187 165 197 155
207 152 187 172
164 195 120 239
123 243 215 151
208 165 128 245
136 244 209 171
211 176 135 252
138 256 214 180
238 162 233 167
215 185 163 237
154 246 140 260
142 265 157 250
166 241 178 229
181 226 219 188
240 167 246 161
251 163 245 169
223 191 189 225
180 234 168 246
161 253 145 269
146 275 166 255
174 247 187 234
194 227 228 193
231 190 233 188
250 171 257 164
265 163 254 174
242 186 241 187
238 190 202 226
190 238 183 245
171 257 148 280
149 286 175 260
208 227 251 184
257 178 268 167
270 172 218 224
179 263 148 294
148 301 175 274
178 271 178 271
187 262 187 262
191 258 192 257
211 238 272 177
274 182 214 242
199 257 197 259
179 277 148 308
148 315 182 281
199 264 200 263
204 259 207 256
220 243 275 188
276 194 225 245
215 255 207 263
186 284 147 323
114 363 123 354
139 338 141 336
143 334 173 304
178 299 180 297
183 294 194 283
211 266 223 254
225 252 228 249
230 247 277 200
277 207 216 268
206 278 190 294
175 309 114 370
113 378 178 313
185 306 187 304
197 294 280 211
294 204 284 214
281 217 204 294
196 302 189 309
181 317 115 383
118 387 185 320
192 313 203 302
211 294 291 214
290 222 217 295
212 300 195 317
189 323 121 391
124 395 192 327
199 320 216 303
224 295 268 251
278 241 283 236
265 261 230 296
221 305 206 320
197 329 127 399
134 399 205 328
216 317 218 315
233 300 260 273
262 271 262 271
259 281 226 314
218 322 141 399
148 399 261 286
261 293 155 399
162 399 262 299
262 306 169 399
176 399 263 312
264 318 183 399
190 399 266 323
267 329 197 399
204 399 271 332
274 336 211 399
218 399 277 340
280 344 225 399
232 399 280 351
286 352 239 399
246 399 279 366
255 397 253 399
