56
117 81 142 56
144 54 146 52
161 44 114 91
108 104 171 41
178 41 105 114
102 124 185 41
193 40 102 131
102 138 199 41
205 42 102 145
103 151 210 44
216 45 102 159
100 168 222 46
224 44 224 44
230 45 100 175
102 180 125 157
127 155 127 155
153 129 234 48
239 50 172 117
124 165 102 187
103 193 122 174
186 110 244 52
248 55 197 106
122 181 105 198
111 199 119 191
121 189 121 189
207 103 252 58
255 62 216 101
118 199 113 204
115 209 118 206
222 102 258 66
261 70 225 106
231 107 266 72
270 75 268 77
266 79 236 109
240 112 269 83
272 87 248 111
252 114 275 91
278 95 257 116
219 161 227 153
261 119 281 99
283 104 264 123
235 152 225 162
234 160 241 153
265 129 285 109
286 114 267 133
247 153 241 159
247 160 252 155
268 139 288 119
290 124 269 145
256 158 252 162
258 163 260 161
269 152 291 130
293 135 271 157
273 162 293 142
296 146 274 168
274 175 296 153
296 160 275 181
276 187 296 167
296 174 277 193
278 199 296 181
296 188 278 206
281 210 297 194
283 215 282 216
