171 298 174 295
177 295 172 300
173 302 179 296
181 297 174 304
174 307 184 297
187 297 176 308
176 311 191 296
194 296 177 313
178 315 197 296
200 296 179 317
181 318 204 295
207 295 198 304
195 307 183 319
185 320 196 309
201 304 210 295
212 296 204 304
198 310 187 321
189 322 199 312
207 304 215 296
218 296 210 304
201 313 191 323
192 325 202 315
210 307 220 297
223 297 210 310
205 315 193 327
195 328 208 315
211 312 225 298
227 299 198 328
200 329 228 301
228 304 203 329
210 325 227 308
226 312 216 322
