175 228 177 226
180 226 175 231
175 234 181 228
183 229 175 237
177 238 186 229
189 226 189 226
192 226 180 238
174 247 176 245
183 238 195 226
199 225 186 238
179 245 174 250
176 251 182 245
189 238 202 225
205 225 190 240
186 244 178 252
181 252 207 226
207 229 184 252
187 252 205 234
211 228 212 227
217 225 189 253
192 253 220 225
220 228 195 253
199 252 211 240
217 234 218 233
211 243 202 252
205 252 214 243
216 244 208 252
211 252 218 245
221 245 215 251
216 253 223 246
226 246 218 254
222 253 229 246
229 249 225 253
228 253 229 252
