285 352 291 346
293 347 282 358
276 367 278 365
280 363 295 348
297 349 274 372
272 377 299 350
300 352 273 379
276 379 278 377
280 375 302 353
304 354 280 378
282 379 306 355
306 358 283 381
284 383 309 358
312 358 293 377
289 381 287 383
294 379 313 360
316 360 290 386
290 389 318 361
320 362 291 391
294 391 315 370
317 368 322 363
324 364 297 391
298 393 326 365
329 365 300 394
299 398 304 393
307 390 331 366
333 367 326 374
324 376 301 399
304 399 306 397
309 394 326 377
328 375 335 368
338 368 330 376
328 378 308 398
310 399 329 380
332 377 340 369
342 370 334 378
332 380 313 399
316 399 334 381
337 378 343 372
346 372 339 379
337 381 322 396
323 398 339 382
342 379 348 373
350 374 345 379
342 382 325 399
328 399 344 383
347 380 352 375
354 376 349 381
346 384 331 399
334 399 349 384
351 382 356 377
359 377 337 399
340 399 354 385
356 383 361 378
364 378 358 384
356 386 343 399
346 399 357 388
360 385 366 379
368 380 362 386
359 389 349 399
352 399 361 390
364 387 370 381
372 382 366 388
363 391 355 399
358 399 364 393
367 390 374 383
376 384 369 391
366 394 361 399
364 399 368 395
371 392 378 385
380 386 373 393
370 396 367 399
370 399 372 397
375 394 383 386
385 387 377 395
379 396 387 388
389 389 381 397
383 398 391 390
394 390 385 399
388 399 396 391
399 391 391 399
394 399 399 394
399 397 397 399
