175 40
172 43
161 45
144 54
131 64
121 75
117 88
111 99
105 115
105 123
103 130
103 158
101 163
101 175
103 178
102 195
104 196
107 202
107 207
110 211
110 218
110 212
116 214
118 219
123 224
125 230
123 224
117 216
119 213
118 191
119 179
123 162
123 154
127 149
128 136
130 131
128 136
127 148
123 153
122 169
119 179
119 212
117 214
111 212
107 206
106 201
109 195
106 199
102 194
103 178
101 175
101 163
103 158
103 130
105 116
121 76
131 65
142 56
161 45
173 42
179 46
182 46
175 44
174 42
176 40
196 40
205 43
226 45
246 55
252 63
263 73
266 81
274 88
273 90
270 89
274 90
281 100
288 119
295 154
294 187
296 202
295 203
296 195
294 187
294 144
283 104
272 85
265 79
263 73
253 64
252 61
246 55
226 45
217 45
200 42
196 40
